1	175	20
1	461	120
2	98	130
2	589	110
3	830	140
4	234	70
4	333	10
4	509	140
4	1121	100
5	983	110
5	1381	110
6	512	80
6	567	120
6	909	110
7	1009	40
8	153	150
8	375	10
9	413	110
9	1392	10
10	270	40
10	1141	60
11	399	100
11	548	120
12	842	50
13	120	60
13	1152	30
14	1159	140
15	1213	70
16	163	30
16	237	20
16	1345	70
16	1348	50
17	67	140
17	185	80
17	614	110
17	937	80
17	998	90
18	880	100
18	1136	140
19	666	140
20	622	30
21	432	110
21	715	40
21	830	70
21	1334	130
21	1444	90
22	156	130
22	224	90
23	329	50
23	517	90
24	1391	80
25	77	30
25	875	10
26	1350	90
27	1311	130
28	106	60
29	886	120
29	988	70
30	84	130
30	801	100
31	831	80
31	1052	90
32	292	140
32	698	60
33	139	60
34	404	150
34	1440	10
35	148	30
35	253	40
35	261	130
35	416	130
36	883	40
37	595	30
37	1439	70
38	971	140
38	1166	10
39	408	100
39	465	70
39	1335	40
40	90	40
40	1343	40
41	1078	40
41	1319	80
42	465	80
43	467	110
43	584	120
43	627	90
44	185	120
45	344	120
45	1244	140
46	1215	40
46	1438	140
47	231	30
47	1267	40
48	366	60
48	988	30
49	763	30
49	916	100
50	334	30
50	359	10
50	550	40
50	914	50
50	1469	100
51	125	120
51	593	70
52	101	70
52	1222	70
53	939	90
53	1345	50
54	1288	100
54	1396	110
55	177	30
56	101	110
56	219	60
56	946	90
57	621	110
58	160	10
58	252	150
59	71	40
60	363	130
60	1454	80
61	337	120
61	1486	40
62	1241	30
63	369	80
64	1455	80
65	340	130
65	866	150
65	1013	20
65	1098	50
65	1178	140
66	530	80
67	17	140
67	498	90
68	479	150
68	1139	70
68	1346	10
69	390	60
69	909	50
70	607	110
71	59	40
71	170	150
71	817	60
71	1258	140
72	734	80
72	1320	100
73	1362	120
74	1020	50
74	1143	110
75	428	150
75	1004	60
76	383	150
76	864	70
77	25	30
77	398	90
77	1227	150
78	120	80
78	452	50
78	775	10
78	1399	10
79	784	10
79	1221	140
79	1403	150
80	1430	70
81	1162	140
82	648	40
82	810	140
82	973	140
83	141	90
83	454	130
83	809	100
84	30	130
85	1228	20
86	98	90
86	341	120
87	1160	30
87	1494	20
88	659	150
89	155	90
90	40	40
90	938	110
90	1403	110
91	961	110
91	1061	50
92	471	10
93	440	70
93	793	70
93	1180	60
94	159	50
94	710	130
94	1357	140
95	808	100
96	1136	100
97	554	40
97	601	130
98	2	130
98	86	90
98	741	100
98	1259	70
99	549	110
100	144	150
100	215	120
100	904	150
101	52	70
101	56	110
102	301	120
103	576	70
103	823	150
103	1278	20
103	1436	120
104	1221	10
105	523	20
105	1175	30
105	1427	140
106	28	60
106	125	130
106	256	110
106	385	90
106	488	140
106	890	40
107	781	70
108	642	30
109	419	150
109	751	30
110	477	150
110	1155	130
111	1140	140
111	1240	70
111	1253	80
111	1302	100
112	1080	70
112	1297	80
112	1309	90
113	989	120
114	226	150
114	575	140
114	1371	90
115	479	130
116	138	140
116	1128	30
117	1098	100
118	1273	130
118	1289	40
119	151	10
119	670	80
120	13	60
120	78	80
121	720	80
122	378	10
123	1027	40
123	1423	70
124	730	60
124	917	30
125	51	120
125	106	130
125	1217	120
125	1241	130
126	393	80
126	692	60
126	777	70
126	1216	80
127	541	20
127	678	40
128	1050	140
128	1186	90
128	1218	40
129	1155	60
130	294	90
131	405	140
131	566	130
131	888	60
131	1427	70
132	963	120
132	1362	130
133	1420	140
134	468	150
134	981	90
135	830	110
136	768	20
136	791	70
136	892	60
136	994	40
137	757	140
138	116	140
138	1024	140
139	33	60
139	846	100
139	964	130
139	1363	40
140	769	60
140	805	120
140	1053	20
140	1498	140
141	83	90
141	422	110
142	811	80
143	845	50
144	100	150
144	308	50
144	961	10
144	1165	70
145	714	100
145	1137	120
146	255	70
147	453	20
147	681	70
147	884	150
148	35	30
148	342	150
149	311	10
149	405	20
150	332	130
150	374	20
150	559	130
151	119	10
151	190	20
151	728	80
151	1064	10
151	1177	110
152	206	150
152	599	90
153	8	150
153	1422	120
154	1276	90
155	89	90
155	1487	60
156	22	130
156	338	70
156	448	60
156	851	140
156	1316	40
156	1348	10
157	1493	40
158	311	50
158	1147	60
159	94	50
160	58	10
160	254	90
160	1011	130
161	608	120
161	1119	40
162	650	40
162	1235	60
163	16	30
163	1044	10
163	1463	70
164	187	90
165	570	50
165	648	20
165	873	40
165	1045	30
166	412	80
166	661	30
166	1072	50
167	1374	90
168	774	150
169	409	80
169	448	120
170	71	150
170	287	150
171	879	20
171	1095	30
171	1350	110
172	372	30
172	1358	140
173	222	110
173	749	100
173	1013	50
174	357	10
174	426	90
175	1	20
175	1298	150
175	1351	150
176	495	60
176	685	40
176	765	60
176	1173	80
176	1281	40
177	55	30
177	1174	110
178	1250	150
178	1403	50
179	1480	50
180	901	10
180	1310	10
181	1362	130
182	300	80
182	1313	10
182	1416	10
183	456	80
184	545	20
184	682	140
185	17	80
185	44	120
185	308	80
185	1411	30
186	651	30
187	164	90
187	632	140
187	784	90
187	792	40
188	801	60
189	550	50
189	781	20
190	151	20
190	890	80
191	629	70
191	898	100
191	1456	130
192	1312	110
193	644	140
193	731	90
193	1003	30
194	1402	50
195	1247	20
196	470	50
196	1353	50
197	628	120
197	1147	130
198	675	110
199	361	120
199	1214	20
200	411	60
200	694	30
201	311	50
201	475	10
201	1385	60
202	259	40
202	380	90
202	824	90
203	398	100
203	1060	20
204	1433	110
205	819	150
205	1289	20
206	152	150
206	1322	90
206	1367	90
206	1453	140
207	1029	90
208	666	120
209	336	120
209	1429	30
210	231	110
210	360	30
211	336	110
211	1265	150
212	442	130
212	489	20
212	760	120
213	230	20
213	345	90
213	907	30
214	1310	50
215	100	120
215	690	80
216	581	140
216	945	50
217	457	60
217	807	30
218	1400	60
219	56	60
219	657	140
220	473	100
220	959	140
221	269	120
221	1114	140
222	173	110
223	275	30
223	704	30
224	22	90
224	380	90
224	725	20
225	1386	60
226	114	150
226	832	100
226	1383	120
227	547	110
227	1308	140
228	1046	10
229	276	30
229	708	150
229	927	30
229	1055	10
229	1204	110
230	213	20
231	47	30
231	210	110
231	307	140
231	869	100
232	944	140
233	436	140
233	1273	30
233	1325	20
233	1431	90
234	4	70
234	580	120
235	1061	140
236	568	30
236	892	110
236	1457	100
237	16	20
237	670	100
238	617	80
239	364	70
239	459	10
239	707	70
239	1378	40
240	1476	40
241	921	30
242	591	130
242	737	70
242	1125	40
242	1378	140
243	1206	10
244	687	140
244	1398	20
244	1410	50
245	332	80
245	1374	60
246	937	140
247	486	150
247	1216	90
248	1299	100
249	453	100
249	1156	40
250	345	30
251	557	70
251	564	60
252	58	150
252	482	90
252	1147	110
253	35	40
253	636	60
253	707	20
254	160	90
254	662	140
254	1008	120
255	146	70
255	274	60
255	377	120
255	546	120
256	106	110
256	286	120
256	914	10
257	943	90
257	960	110
257	1086	30
258	616	60
258	1273	60
259	202	40
259	475	70
259	629	60
260	1403	20
261	35	130
261	351	130
261	745	90
261	1256	140
262	1224	70
262	1330	150
263	294	80
264	1096	50
265	780	10
265	887	40
265	1350	20
266	1242	20
267	723	70
268	309	110
269	221	120
269	533	110
269	1387	100
270	10	40
270	1140	140
270	1172	70
270	1248	150
271	290	100
272	805	120
272	1096	40
272	1327	70
273	771	110
273	966	140
273	1118	140
274	255	60
274	380	30
274	397	90
274	941	60
275	223	30
275	672	90
275	814	100
275	1085	150
275	1241	30
276	229	30
276	1057	30
276	1166	140
277	586	150
277	731	20
277	926	140
277	1170	140
277	1368	120
278	710	20
279	489	70
279	621	80
279	1226	10
280	616	50
280	691	140
281	584	120
281	1184	140
281	1325	120
282	459	130
283	476	120
283	507	140
284	310	110
284	923	110
285	289	140
285	320	110
285	645	130
285	1309	140
285	1385	40
285	1464	30
286	256	120
286	592	120
286	1032	90
287	170	150
287	1403	20
288	829	60
288	1147	120
289	285	140
289	310	100
289	1092	130
290	271	100
290	642	50
290	1328	10
290	1459	70
291	551	30
291	847	130
292	32	140
293	732	50
293	883	60
293	888	100
293	1294	150
293	1417	50
294	130	90
294	263	80
294	387	90
294	938	50
294	988	50
295	675	50
295	687	70
295	1086	60
296	510	30
296	526	130
296	1311	100
297	1421	60
298	522	140
298	600	140
299	587	70
299	1415	20
299	1441	30
300	182	80
300	563	60
301	102	120
301	434	120
301	1047	150
302	966	110
303	936	30
303	1130	50
304	309	110
304	797	30
305	427	70
305	744	60
306	1248	80
307	231	140
307	1183	100
307	1326	120
308	144	50
308	185	80
308	441	20
308	689	100
309	268	110
309	304	110
310	284	110
310	289	100
310	490	20
310	572	30
310	603	70
311	149	10
311	158	50
311	201	50
312	792	10
312	1055	10
313	1128	90
314	1071	140
315	509	20
315	1009	60
316	580	20
316	642	50
316	921	50
316	1266	80
317	504	50
317	834	10
318	606	10
318	1201	150
319	400	10
319	544	110
319	954	10
320	285	110
321	672	80
321	838	140
321	1083	120
322	416	20
322	948	50
323	1431	60
324	1128	10
324	1192	150
325	356	130
325	520	20
325	671	120
326	912	100
327	1343	50
328	589	80
328	882	20
328	1004	40
328	1367	20
329	23	50
329	981	130
330	336	140
330	798	60
331	977	60
332	150	130
332	245	80
332	490	10
332	602	60
332	790	130
333	4	10
333	1354	90
334	50	30
334	1481	90
335	808	110
335	1499	70
336	209	120
336	211	110
336	330	140
336	370	50
337	61	120
337	917	100
338	156	70
338	993	110
339	552	150
339	695	90
340	65	130
341	86	120
341	806	40
341	1245	100
342	148	150
342	1050	100
342	1489	20
343	1031	40
343	1268	90
344	45	120
344	941	40
345	213	90
345	250	30
345	844	40
345	877	20
345	894	30
346	590	100
346	867	80
346	1102	40
346	1181	140
347	1013	70
348	560	100
348	663	120
348	1468	70
349	623	50
349	988	100
349	1026	140
350	1379	70
351	261	130
351	842	130
352	1064	20
352	1210	80
352	1466	70
353	402	20
353	810	40
354	875	10
354	1186	90
354	1260	90
354	1328	50
354	1424	50
355	718	110
356	325	130
357	174	10
357	1381	130
358	978	100
359	50	10
359	524	110
359	893	110
359	918	140
359	1028	100
360	210	30
360	405	110
361	199	120
361	927	20
361	1115	40
362	1162	20
363	60	130
363	991	120
363	1394	150
364	239	70
364	866	10
364	1483	40
365	1050	20
365	1205	140
365	1330	90
366	48	60
366	774	110
367	471	80
367	720	140
367	992	140
367	1226	130
368	536	20
368	572	60
369	63	80
369	828	40
369	1216	90
370	336	50
370	524	60
370	1390	110
371	1108	130
372	172	30
372	1066	50
372	1204	140
373	544	10
373	1146	10
373	1192	50
374	150	20
374	459	60
374	751	40
374	1127	60
375	8	10
375	532	90
376	605	60
376	1364	60
377	255	120
377	411	110
378	122	10
378	764	120
378	1236	70
379	682	50
379	952	10
380	202	90
380	224	90
380	274	30
380	965	90
380	1442	90
381	471	150
381	492	30
382	1131	80
383	76	150
383	733	30
384	830	140
385	106	90
385	1433	150
385	1461	70
386	1230	140
387	294	90
387	468	120
387	638	20
387	712	80
387	1041	140
387	1320	80
387	1463	80
388	707	60
388	1055	20
389	964	130
389	1282	100
390	69	60
390	884	110
391	968	10
391	1225	120
392	855	80
392	1411	100
393	126	80
393	436	20
394	495	30
394	994	130
394	1369	110
394	1475	10
395	633	100
395	650	60
396	455	130
396	951	50
396	1086	130
397	274	90
397	654	80
398	77	90
398	203	100
398	420	70
399	11	100
399	540	20
400	319	10
400	658	20
400	1036	80
401	752	150
401	849	70
402	353	20
402	704	20
402	771	70
402	990	60
403	1337	100
404	34	150
404	575	150
404	1204	80
405	131	140
405	149	20
405	360	110
405	1265	120
405	1276	20
406	738	40
406	996	120
406	1201	20
406	1365	130
407	1352	120
408	39	100
408	916	10
408	1315	50
409	169	80
409	546	150
410	746	50
411	200	60
411	377	110
411	711	120
411	843	80
411	878	60
412	166	80
412	910	90
413	9	110
413	573	90
413	801	130
414	772	120
414	1021	140
415	528	20
415	876	150
415	1257	20
416	35	130
416	322	20
416	696	30
416	843	130
416	1185	70
416	1284	80
417	712	120
417	1024	10
417	1475	70
418	609	50
419	109	150
419	995	100
420	398	70
420	953	40
421	1172	150
422	141	110
422	699	110
423	1281	30
424	621	110
424	1061	40
424	1211	60
425	810	20
425	1492	60
426	174	90
426	761	100
426	1434	20
427	305	70
427	618	80
427	711	50
427	1063	40
428	75	150
428	1300	30
428	1373	20
428	1417	40
429	550	120
429	564	150
429	650	110
429	772	80
429	1162	60
429	1309	40
430	507	90
430	755	50
430	1189	60
431	508	100
431	1031	80
432	21	110
433	435	50
433	588	50
433	1416	110
434	301	120
435	433	50
436	233	140
436	393	20
436	476	80
436	637	150
436	1394	60
437	922	20
438	799	50
439	513	90
439	547	10
439	958	120
440	93	70
440	457	70
440	869	20
441	308	20
441	1016	100
442	212	130
442	828	140
442	1158	40
442	1307	110
443	506	140
444	885	80
444	1213	140
444	1476	20
445	734	10
446	1021	120
446	1283	130
446	1358	70
446	1371	140
446	1466	20
447	601	110
447	918	60
448	156	60
448	169	120
448	1275	40
449	722	10
449	1119	10
449	1137	80
450	649	130
450	667	100
451	453	110
451	1033	70
452	78	50
452	467	30
452	1371	30
453	147	20
453	249	100
453	451	110
454	83	130
454	966	70
455	396	130
455	965	130
456	183	80
456	488	60
456	1104	60
457	217	60
457	440	70
457	660	10
458	1285	20
459	239	10
459	282	130
459	374	60
459	541	40
460	554	110
460	662	130
461	1	120
461	646	10
461	867	20
462	739	140
462	1039	120
463	601	80
464	1220	70
465	39	70
465	42	80
465	527	90
466	490	40
466	786	140
466	1052	60
467	43	110
467	452	30
467	733	90
467	894	100
468	134	150
468	387	120
468	1434	90
469	746	10
469	877	90
470	196	50
470	884	20
470	1165	10
471	92	10
471	367	80
471	381	150
471	796	140
471	962	150
472	886	120
472	1263	70
473	220	100
473	712	150
474	558	100
475	201	10
475	259	70
476	283	120
476	436	80
476	1233	40
476	1314	80
477	110	150
477	579	100
477	1172	70
478	1087	20
478	1379	50
479	68	150
479	115	130
480	620	130
480	1041	140
480	1326	30
481	1011	90
481	1150	10
482	252	90
483	1285	150
484	521	40
484	978	140
485	556	150
486	247	150
486	1427	20
487	563	80
487	721	120
487	830	90
487	835	130
487	1311	60
488	106	140
488	456	60
488	610	80
488	1371	100
488	1372	60
489	212	20
489	279	70
490	310	20
490	332	10
490	466	40
490	807	110
490	1379	80
491	529	10
491	595	140
491	956	70
491	1017	90
491	1200	10
492	381	30
492	514	120
492	744	30
492	865	70
492	944	140
492	1277	100
493	1261	90
493	1309	130
493	1347	20
494	503	10
494	662	110
494	685	30
494	1491	110
495	176	60
495	394	30
495	548	20
495	1264	130
495	1497	80
496	1121	50
497	1023	100
498	67	90
498	1014	70
498	1123	50
499	990	60
500	1248	100
500	1342	70
501	870	40
501	1227	150
502	568	50
502	1098	30
502	1199	120
502	1294	60
503	494	10
503	712	60
504	317	50
505	553	80
505	670	80
505	1260	110
505	1316	130
506	443	140
506	776	70
506	1260	30
506	1498	20
507	283	140
507	430	90
507	1039	10
507	1273	140
507	1415	80
508	431	100
508	927	80
509	4	140
509	315	20
509	1190	120
510	296	30
511	1234	110
512	6	80
512	1006	140
513	439	90
513	1376	90
514	492	120
514	1085	120
515	930	60
516	903	110
516	936	150
517	23	90
517	911	40
517	982	30
518	1345	10
519	1287	130
520	325	20
521	484	40
521	580	150
521	965	20
522	298	140
522	1220	130
523	105	20
523	955	70
523	1353	140
524	359	110
524	370	60
524	1187	110
525	594	100
525	1403	20
526	296	130
526	672	40
527	465	90
527	873	90
527	991	100
527	993	10
528	415	20
529	491	10
530	66	80
530	609	100
530	1153	10
531	1458	130
532	375	90
532	1306	70
532	1341	10
533	269	110
533	735	130
533	822	30
533	1207	60
534	692	120
534	1392	140
535	1349	80
536	368	20
536	857	40
537	1233	60
538	849	110
538	892	10
539	1036	20
539	1130	150
539	1131	100
539	1316	40
540	399	20
541	127	20
541	459	40
541	555	80
541	788	100
541	1245	70
541	1360	150
542	601	100
542	1341	60
543	804	20
543	826	130
543	1296	140
544	319	110
544	373	10
544	781	20
544	1172	150
545	184	20
545	1389	80
546	255	120
546	409	150
546	995	20
546	1230	30
546	1297	110
547	227	110
547	439	10
547	651	20
547	769	40
547	1321	140
547	1322	150
548	11	120
548	495	20
549	99	110
549	914	40
549	1058	20
550	50	40
550	189	50
550	429	120
551	291	30
551	677	30
551	926	110
551	1328	50
552	339	150
552	560	140
552	653	120
552	1115	90
552	1340	90
552	1358	130
553	505	80
553	613	70
553	1451	50
554	97	40
554	460	110
554	878	90
554	933	20
555	541	80
555	769	30
555	1251	10
555	1256	130
556	485	150
556	613	120
556	1109	50
556	1386	20
557	251	70
557	1265	40
558	474	100
558	1093	130
559	150	130
559	924	40
560	348	100
560	552	140
560	579	80
560	632	50
561	977	40
562	939	80
563	300	60
563	487	80
563	737	80
564	251	60
564	429	150
564	1218	90
564	1228	50
565	791	130
565	1099	30
566	131	130
567	6	120
567	866	20
568	236	30
568	502	50
569	1031	130
570	165	50
570	714	70
571	1370	40
572	310	30
572	368	60
572	657	140
572	1201	110
572	1496	10
573	413	90
573	815	50
574	712	150
574	1036	50
575	114	140
575	404	150
576	103	70
576	1209	90
577	691	40
578	795	10
578	984	20
579	477	100
579	560	80
579	656	20
579	1243	140
580	234	120
580	316	20
580	521	150
581	216	140
581	605	20
582	736	60
582	1004	70
583	1334	70
584	43	120
584	281	120
584	971	150
584	1254	140
585	1239	130
586	277	150
586	596	10
586	1091	50
587	299	70
587	1348	50
588	433	50
588	1272	20
589	2	110
589	328	80
589	1246	40
590	346	100
591	242	130
591	754	30
591	901	90
591	1327	150
592	286	120
592	1308	10
593	51	70
593	1462	30
594	525	100
595	37	30
595	491	140
596	586	10
596	829	90
596	1335	70
596	1459	20
597	1090	40
597	1265	70
598	685	120
598	1236	130
599	152	90
599	1250	120
600	298	140
600	758	150
601	97	130
601	447	110
601	463	80
601	542	100
601	815	130
601	853	140
602	332	60
603	310	70
603	721	150
603	1009	30
603	1325	90
604	873	80
604	893	60
604	1136	30
604	1260	60
605	376	60
605	581	20
605	1194	120
605	1334	120
606	318	10
606	650	40
607	70	110
607	672	40
608	161	120
608	1197	120
608	1445	100
609	418	50
609	530	100
609	762	60
609	905	150
609	1012	80
610	488	80
610	945	80
610	1324	40
610	1387	120
611	892	90
612	1077	50
612	1118	80
613	553	70
613	556	120
613	642	100
614	17	110
614	901	140
615	728	120
615	740	100
615	766	100
615	1405	20
616	258	60
616	280	50
616	1006	150
616	1174	70
617	238	80
617	883	90
617	1353	20
618	427	80
619	714	140
620	480	130
620	1363	10
621	57	110
621	279	80
621	424	110
621	1115	30
621	1257	100
622	20	30
622	851	120
623	349	50
623	794	80
623	1065	140
623	1095	80
624	976	90
625	904	130
625	982	10
625	1023	150
626	649	110
626	998	20
626	1483	40
627	43	90
627	1154	140
627	1479	60
628	197	120
628	811	40
628	1429	20
628	1453	100
629	191	70
629	259	60
630	664	120
630	1247	70
631	689	20
631	1273	20
632	187	140
632	560	50
632	1361	20
633	395	100
633	863	80
633	1361	100
634	966	10
634	1179	70
635	887	100
635	1384	50
635	1476	50
636	253	60
636	787	20
636	1381	20
637	436	150
637	1068	20
637	1123	10
638	387	20
638	1157	90
639	1182	130
640	1006	10
640	1055	150
641	780	150
641	784	80
641	946	130
642	108	30
642	290	50
642	316	50
642	613	100
642	1121	90
643	926	50
644	193	140
644	1042	100
644	1239	40
644	1286	80
645	285	130
645	810	10
645	958	90
645	1093	30
646	461	10
646	762	100
646	792	150
646	1299	80
646	1341	120
647	953	140
647	994	90
648	82	40
648	165	20
648	1110	130
648	1120	130
649	450	130
649	626	110
649	1051	30
650	162	40
650	395	60
650	429	110
650	606	40
650	1353	120
651	186	30
651	547	20
651	872	140
652	915	140
653	552	120
653	1156	100
653	1215	100
654	397	80
654	912	70
655	1332	130
656	579	20
656	1034	110
656	1074	70
657	219	140
657	572	140
657	741	100
657	1476	80
658	400	20
658	914	110
658	1488	100
659	88	150
659	1160	140
660	457	10
661	166	30
661	1058	110
662	254	140
662	460	130
662	494	110
662	762	150
663	348	120
663	814	20
664	630	120
664	827	30
664	1013	120
665	1052	20
665	1150	130
665	1281	30
666	19	140
666	208	120
666	858	40
666	1045	150
666	1196	130
667	450	100
668	1017	10
668	1171	100
669	1108	140
670	119	80
670	237	100
670	505	80
671	325	120
671	744	90
672	275	90
672	321	80
672	526	40
672	607	40
673	746	140
673	1100	60
674	815	130
675	198	110
675	295	50
675	710	110
675	744	120
675	952	70
675	1013	30
675	1202	100
676	865	60
676	1024	60
676	1214	80
677	551	30
677	945	50
677	1326	110
677	1448	60
678	127	40
678	690	120
678	989	70
678	1452	70
679	989	110
679	1306	50
680	1033	10
681	147	70
681	1280	50
681	1282	110
682	184	140
682	379	50
682	1374	40
683	1102	60
683	1340	90
684	834	110
684	880	70
684	1016	50
685	176	40
685	494	30
685	598	120
686	750	50
687	244	140
687	295	70
687	811	70
688	801	130
689	308	100
689	631	20
689	841	100
689	845	110
689	925	20
690	215	80
690	678	120
691	280	140
691	577	40
691	1062	60
692	126	60
692	534	120
693	875	30
693	1471	80
694	200	30
694	792	60
695	339	90
695	834	10
695	913	100
695	973	110
696	416	30
696	956	120
696	1030	140
696	1476	20
697	891	140
697	911	150
697	1055	100
697	1336	150
697	1447	100
698	32	60
698	1499	80
699	422	110
699	756	30
699	1056	60
699	1069	90
700	828	10
700	1246	20
701	750	40
702	1356	140
703	796	120
703	1359	150
703	1469	20
704	223	30
704	402	20
704	733	10
704	826	70
704	1005	30
705	727	40
705	1068	60
705	1413	80
706	719	20
707	239	70
707	253	20
707	388	60
707	794	60
707	851	70
707	1221	60
707	1407	50
708	229	150
708	1127	40
709	825	130
709	875	80
710	94	130
710	278	20
710	675	110
710	1171	70
711	411	120
711	427	50
711	774	110
711	1039	120
712	387	80
712	417	120
712	473	150
712	503	60
712	574	150
712	786	70
712	870	90
713	875	100
713	968	130
714	145	100
714	570	70
714	619	140
715	21	40
715	1124	40
715	1244	150
716	1233	10
716	1239	20
716	1434	20
717	720	20
717	1049	30
717	1174	50
718	355	110
718	1320	120
719	706	20
719	995	100
719	1118	140
719	1470	70
720	121	80
720	367	140
720	717	20
721	487	120
721	603	150
721	760	120
721	811	20
721	1350	90
722	449	10
723	267	70
723	1125	90
723	1343	30
723	1474	40
724	901	120
724	1425	70
725	224	20
726	938	50
726	1000	70
727	705	40
727	1034	10
727	1108	10
728	151	80
728	615	120
728	833	70
728	936	10
728	1052	120
728	1425	70
729	845	30
730	124	60
730	925	40
730	1405	110
730	1413	140
731	193	90
731	277	20
732	293	50
732	1448	30
733	383	30
733	467	90
733	704	10
733	995	150
733	1009	40
734	72	80
734	445	10
734	1408	110
734	1445	100
735	533	130
735	1074	60
736	582	60
736	880	60
736	982	100
737	242	70
737	563	80
737	839	80
738	406	40
738	928	150
738	942	100
738	1371	10
738	1457	150
739	462	140
739	1164	70
739	1394	100
740	615	100
740	1147	80
740	1288	50
741	98	100
741	657	100
741	885	90
741	1245	120
742	784	50
742	827	150
742	1022	120
742	1047	110
742	1311	90
743	804	150
744	305	60
744	492	30
744	671	90
744	675	120
745	261	90
745	1008	110
745	1366	70
746	410	50
746	469	10
746	673	140
746	938	120
746	1469	130
747	973	10
747	997	120
748	922	120
748	1105	10
748	1402	10
749	173	100
750	686	50
750	701	40
750	1339	100
750	1475	30
751	109	30
751	374	40
751	1029	100
752	401	150
753	844	10
753	1020	50
754	591	30
754	832	110
754	1368	80
755	430	50
755	1056	100
755	1261	100
756	699	30
756	1177	10
757	137	140
757	1018	50
757	1303	60
758	600	150
758	1009	50
759	986	150
759	995	80
759	1441	60
760	212	120
760	721	120
760	1464	130
761	426	100
761	971	110
761	1330	100
761	1331	130
762	609	60
762	646	100
762	662	150
762	764	70
763	49	30
763	855	60
763	1052	20
764	378	120
764	762	70
764	1037	120
765	176	60
765	956	130
765	1087	90
765	1464	110
766	615	100
766	1287	60
766	1483	40
767	1008	40
767	1434	150
768	136	20
768	1317	70
768	1471	120
769	140	60
769	547	40
769	555	30
769	894	70
770	878	20
770	1456	10
771	273	110
771	402	70
771	1445	20
772	414	120
772	429	80
772	858	120
772	1449	80
773	871	120
773	919	40
773	1037	30
774	168	150
774	366	110
774	711	110
774	888	10
774	1470	60
775	78	10
775	1275	70
775	1392	40
776	506	70
776	815	10
777	126	70
777	1223	60
777	1352	40
778	1208	50
778	1292	100
779	924	40
779	1062	120
779	1328	80
780	265	10
780	641	150
780	1116	20
780	1186	30
781	107	70
781	189	20
781	544	20
781	923	120
781	1088	70
782	804	110
782	871	10
782	1438	50
783	862	10
783	1245	120
783	1269	120
783	1277	80
784	79	10
784	187	90
784	641	80
784	742	50
784	1475	90
785	944	70
785	946	100
786	466	140
786	712	70
787	636	20
787	1442	90
788	541	100
788	845	70
788	1215	50
789	895	150
789	1077	60
789	1216	100
789	1253	20
789	1374	40
790	332	130
790	956	130
790	1175	120
790	1303	140
791	136	70
791	565	130
791	1500	110
792	187	40
792	312	10
792	646	150
792	694	60
792	1048	90
792	1194	40
793	93	70
793	921	40
794	623	80
794	707	60
795	578	10
795	1117	20
796	471	140
796	703	120
796	850	140
796	937	120
797	304	30
797	807	50
797	1144	100
798	330	60
798	1176	30
799	438	50
799	1469	110
799	1490	80
800	1067	100
800	1090	30
800	1396	50
801	30	100
801	188	60
801	413	130
801	688	130
801	875	90
801	1191	20
801	1249	140
802	1193	60
803	971	100
803	972	100
804	543	20
804	743	150
804	782	110
804	1149	130
805	140	120
805	272	120
805	1160	10
806	341	40
806	825	120
806	1083	110
807	217	30
807	490	110
807	797	50
807	1093	120
808	95	100
808	335	110
808	1429	50
809	83	100
809	822	60
809	907	140
809	1023	60
810	82	140
810	353	40
810	425	20
810	645	10
810	1012	90
810	1295	60
811	142	80
811	628	40
811	687	70
811	721	20
812	1101	20
812	1385	20
813	1071	100
813	1454	40
814	275	100
814	663	20
814	1074	10
814	1122	120
815	573	50
815	601	130
815	674	130
815	776	10
815	858	130
815	915	100
815	1032	120
816	1085	40
816	1329	130
816	1415	90
816	1418	80
817	71	60
818	1450	150
819	205	150
819	1402	20
820	1169	130
820	1384	130
821	1118	60
822	533	30
822	809	60
822	1333	60
822	1393	140
823	103	150
823	1300	20
824	202	90
824	1053	150
824	1174	140
824	1492	150
825	709	130
825	806	120
825	962	140
825	969	130
825	1367	130
825	1377	30
826	543	130
826	704	70
827	664	30
827	742	150
827	886	80
828	369	40
828	442	140
828	700	10
828	944	150
828	1023	20
828	1175	140
829	288	60
829	596	90
830	3	140
830	21	70
830	135	110
830	384	140
830	487	90
830	1285	150
831	31	80
831	1205	90
832	226	100
832	754	110
832	1187	110
833	728	70
833	1173	100
833	1313	150
833	1389	120
834	317	10
834	684	110
834	695	10
835	487	130
835	1254	130
835	1365	100
836	1001	20
836	1099	70
836	1218	90
836	1261	30
837	848	70
837	1214	70
838	321	140
838	970	30
838	1045	30
839	737	80
839	1050	130
839	1431	110
840	1176	120
840	1264	30
841	689	100
841	1450	20
841	1485	40
842	12	50
842	351	130
842	1020	70
842	1364	80
843	411	80
843	416	130
843	994	130
844	345	40
844	753	10
844	958	140
844	992	30
844	1319	40
844	1400	10
845	143	50
845	689	110
845	729	30
845	788	70
845	1039	40
845	1073	110
845	1174	40
846	139	100
846	871	60
847	291	130
848	837	70
848	887	60
848	1147	50
848	1301	150
849	401	70
849	538	110
849	908	40
849	1237	30
849	1475	100
850	796	140
851	156	140
851	622	120
851	707	70
851	948	140
851	999	60
852	1272	100
853	601	140
853	1438	10
854	1179	100
855	392	80
855	763	60
855	1135	110
855	1349	90
855	1453	150
855	1475	120
856	969	110
857	536	40
858	666	40
858	772	120
858	815	130
858	1058	120
859	1283	120
859	1480	60
860	1404	130
860	1496	20
861	1188	140
862	783	10
862	920	90
862	937	70
863	633	80
863	1298	150
864	76	70
865	492	70
865	676	60
866	65	150
866	364	10
866	567	20
867	346	80
867	461	20
868	1037	50
869	231	100
869	440	20
869	1080	20
869	1130	140
869	1242	90
870	501	40
870	712	90
870	903	80
871	773	120
871	782	10
871	846	60
871	888	150
871	1136	140
871	1434	40
871	1488	40
872	651	140
872	1129	150
872	1363	90
872	1416	150
873	165	40
873	527	90
873	604	80
873	1478	10
874	890	50
874	904	150
874	941	40
874	1033	120
874	1041	120
874	1138	50
874	1339	80
875	25	10
875	354	10
875	693	30
875	709	80
875	713	100
875	801	90
875	1132	40
875	1410	150
876	415	150
876	1063	150
876	1347	90
877	345	20
877	469	90
877	1090	80
878	411	60
878	554	90
878	770	20
878	1061	90
878	1496	150
879	171	20
879	963	120
879	1231	50
880	18	100
880	684	70
880	736	60
880	954	60
880	1486	120
881	1008	130
881	1161	80
882	328	20
882	1258	60
882	1494	10
883	36	40
883	293	60
883	617	90
883	1455	140
884	147	150
884	390	110
884	470	20
884	1340	130
885	444	80
885	741	90
885	1242	40
885	1421	50
886	29	120
886	472	120
886	827	80
886	1094	120
886	1362	100
887	265	40
887	635	100
887	848	60
887	1370	20
888	131	60
888	293	100
888	774	10
888	871	150
888	1081	120
888	1198	150
889	962	140
890	106	40
890	190	80
890	874	50
891	697	140
891	916	100
891	1251	20
892	136	60
892	236	110
892	538	10
892	611	90
892	1045	120
892	1148	80
892	1483	140
893	359	110
893	604	60
893	1281	150
894	345	30
894	467	100
894	769	70
894	905	50
894	1289	50
895	789	150
895	1046	80
895	1082	30
896	946	50
896	1065	120
896	1143	20
896	1293	100
897	1023	130
897	1383	110
898	191	100
898	944	70
899	1074	40
899	1482	10
900	1322	70
901	180	10
901	591	90
901	614	140
901	724	120
901	1015	120
901	1224	20
902	1283	50
903	516	110
903	870	80
903	1232	20
904	100	150
904	625	130
904	874	150
904	917	120
905	609	150
905	894	50
905	1486	90
906	1066	120
907	213	30
907	809	140
907	926	50
908	849	40
908	1417	80
908	1470	110
909	6	110
909	69	50
909	1032	90
909	1125	130
909	1441	70
910	412	90
910	1057	80
910	1110	10
910	1308	50
911	517	40
911	697	150
911	1486	30
912	326	100
912	654	70
912	1128	70
912	1163	90
912	1179	110
912	1219	10
912	1442	80
913	695	100
913	1482	150
914	50	50
914	256	10
914	549	40
914	658	110
914	1112	40
914	1299	100
915	652	140
915	815	100
915	1153	40
915	1188	60
916	49	100
916	408	10
916	891	100
916	931	130
916	1423	120
917	124	30
917	337	100
917	904	120
917	1081	70
918	359	140
918	447	60
918	1031	150
919	773	40
919	1178	110
919	1384	140
919	1452	70
920	862	90
920	926	150
920	1306	80
920	1484	70
921	241	30
921	316	50
921	793	40
921	1262	90
921	1310	30
922	437	20
922	748	120
922	1132	80
923	284	110
923	781	120
923	1155	130
923	1244	100
923	1460	90
923	1498	50
924	559	40
924	779	40
924	1261	110
925	689	20
925	730	40
925	1209	60
925	1442	70
926	277	140
926	551	110
926	643	50
926	907	50
926	920	150
926	1260	80
927	229	30
927	361	20
927	508	80
927	1272	110
928	738	150
928	1205	120
929	976	120
929	1081	80
929	1231	80
930	515	60
930	1268	80
930	1329	40
930	1455	80
931	916	130
931	938	140
931	943	130
931	1174	140
932	1030	80
932	1071	100
932	1479	40
933	554	20
933	967	50
933	1195	30
934	1240	90
934	1402	40
935	1179	100
936	303	30
936	516	150
936	728	10
936	1073	120
937	17	80
937	246	140
937	796	120
937	862	70
937	1145	10
937	1206	20
938	90	110
938	294	50
938	726	50
938	746	120
938	931	140
938	1021	80
938	1177	80
938	1193	110
938	1405	10
939	53	90
939	562	80
939	1351	40
940	1184	110
940	1331	10
940	1455	110
941	274	60
941	344	40
941	874	40
941	952	100
941	1058	100
941	1277	140
942	738	100
942	1119	80
942	1342	130
942	1385	30
943	257	90
943	931	130
943	1352	90
944	232	140
944	492	140
944	785	70
944	828	150
944	898	70
944	1295	120
944	1393	130
945	216	50
945	610	80
945	677	50
945	1476	120
946	56	90
946	641	130
946	785	100
946	896	50
946	974	140
946	1059	80
947	1200	20
948	322	50
948	851	140
948	1134	140
948	1190	130
948	1433	100
949	1297	10
950	1209	110
950	1464	60
951	396	50
951	1017	110
951	1388	120
952	379	10
952	675	70
952	941	100
952	1106	130
952	1146	70
952	1185	30
952	1407	100
953	420	40
953	647	140
953	1311	60
953	1361	10
954	319	10
954	880	60
955	523	70
955	1107	60
956	491	70
956	696	120
956	765	130
956	790	130
956	1222	40
956	1274	110
957	1452	30
958	439	120
958	645	90
958	844	140
958	1272	30
958	1280	140
958	1489	150
959	220	140
959	1228	10
959	1336	10
960	257	110
960	1133	130
960	1190	10
961	91	110
961	144	10
961	1148	40
961	1291	130
961	1403	140
962	471	150
962	825	140
962	889	140
963	132	120
963	879	120
963	1354	150
964	139	130
964	389	130
964	1162	140
964	1241	30
965	380	90
965	455	130
965	521	20
965	1420	120
965	1483	150
966	273	140
966	302	110
966	454	70
966	634	10
967	933	50
967	968	70
967	1324	140
968	391	10
968	713	130
968	967	70
969	825	130
969	856	110
970	838	30
970	999	90
970	1320	50
971	38	140
971	584	150
971	761	110
971	803	100
971	1009	20
971	1247	40
972	803	100
972	1257	140
973	82	140
973	695	110
973	747	10
973	985	120
973	1304	90
974	946	140
974	976	40
974	1290	110
975	1161	30
975	1208	40
975	1241	10
975	1291	120
976	624	90
976	929	120
976	974	40
977	331	60
977	561	40
977	1367	10
977	1445	140
978	358	100
978	484	140
978	991	120
978	1474	70
978	1492	100
979	1416	20
979	1464	140
980	1156	90
980	1274	130
980	1279	30
981	134	90
981	329	130
981	1234	50
982	517	30
982	625	10
982	736	100
982	1109	60
982	1136	20
983	5	110
983	1025	110
983	1029	130
983	1360	140
984	578	20
984	1277	90
984	1405	70
985	973	120
985	1032	80
986	759	150
986	1213	110
986	1436	140
987	1292	140
987	1466	150
988	29	70
988	48	30
988	294	50
988	349	100
988	1116	30
989	113	120
989	678	70
989	679	110
989	1016	50
989	1040	20
989	1071	40
989	1250	60
990	402	60
990	499	60
990	1028	70
990	1224	110
991	363	120
991	527	100
991	978	120
992	367	140
992	844	30
993	338	110
993	527	10
993	1053	50
993	1251	80
993	1484	150
994	136	40
994	394	130
994	647	90
994	843	130
994	1203	110
995	419	100
995	546	20
995	719	100
995	733	150
995	759	80
996	406	120
996	1109	70
997	747	120
997	1015	130
997	1325	70
998	17	90
998	626	20
999	851	60
999	970	90
999	1072	40
999	1207	130
999	1464	20
1000	726	70
1000	1079	120
1000	1121	30
1000	1373	10
1001	836	20
1001	1399	150
1002	1331	150
1003	193	30
1003	1022	20
1003	1039	80
1004	75	60
1004	328	40
1004	582	70
1004	1111	20
1004	1212	70
1005	704	30
1006	512	140
1006	616	150
1006	640	10
1006	1106	40
1006	1289	90
1006	1461	70
1007	1028	30
1007	1113	130
1007	1189	60
1007	1430	120
1008	254	120
1008	745	110
1008	767	40
1008	881	130
1008	1084	100
1009	7	40
1009	315	60
1009	603	30
1009	733	40
1009	758	50
1009	971	20
1009	1448	50
1009	1485	20
1010	1309	130
1011	160	130
1011	481	90
1012	609	80
1012	810	90
1012	1224	70
1013	65	20
1013	173	50
1013	347	70
1013	664	120
1013	675	30
1013	1148	110
1013	1247	60
1013	1379	140
1014	498	70
1014	1039	10
1014	1208	90
1015	901	120
1015	997	130
1015	1173	100
1016	441	100
1016	684	50
1016	989	50
1016	1251	20
1017	491	90
1017	668	10
1017	951	110
1017	1026	140
1018	757	50
1018	1178	10
1018	1422	80
1019	1085	50
1019	1156	130
1019	1445	130
1020	74	50
1020	753	50
1020	842	70
1021	414	140
1021	446	120
1021	938	80
1021	1128	90
1021	1139	120
1022	742	120
1022	1003	20
1022	1256	80
1023	497	100
1023	625	150
1023	809	60
1023	828	20
1023	897	130
1023	1359	110
1024	138	140
1024	417	10
1024	676	60
1024	1187	130
1025	983	110
1026	349	140
1026	1017	140
1026	1323	60
1026	1330	90
1026	1371	140
1027	123	40
1027	1278	30
1027	1445	120
1028	359	100
1028	990	70
1028	1007	30
1028	1072	90
1028	1096	140
1028	1412	30
1029	207	90
1029	751	100
1029	983	130
1029	1177	70
1030	696	140
1030	932	80
1030	1448	60
1031	343	40
1031	431	80
1031	569	130
1031	918	150
1031	1059	110
1031	1083	150
1031	1329	20
1032	286	90
1032	815	120
1032	909	90
1032	985	80
1033	451	70
1033	680	10
1033	874	120
1033	1200	60
1034	656	110
1034	727	10
1035	1136	30
1036	400	80
1036	539	20
1036	574	50
1036	1349	120
1036	1468	10
1037	764	120
1037	773	30
1037	868	50
1037	1088	90
1037	1209	140
1037	1385	130
1038	1102	20
1039	462	120
1039	507	10
1039	711	120
1039	845	40
1039	1003	80
1039	1014	10
1039	1231	30
1040	989	20
1040	1213	40
1041	387	140
1041	480	140
1041	874	120
1042	644	100
1042	1364	60
1042	1393	40
1043	1141	80
1043	1173	30
1043	1287	70
1043	1343	20
1044	163	10
1044	1369	60
1045	165	30
1045	666	150
1045	838	30
1045	892	120
1046	228	10
1046	895	80
1046	1075	40
1046	1095	20
1046	1343	80
1047	301	150
1047	742	110
1047	1140	40
1047	1328	50
1047	1360	90
1048	792	90
1048	1329	140
1048	1373	70
1049	717	30
1049	1389	80
1049	1395	110
1050	128	140
1050	342	100
1050	365	20
1050	839	130
1051	649	30
1051	1256	100
1051	1334	100
1052	31	90
1052	466	60
1052	665	20
1052	728	120
1052	763	20
1052	1124	130
1053	140	20
1053	824	150
1053	993	50
1053	1158	110
1053	1200	20
1053	1349	150
1054	1462	140
1054	1490	150
1055	229	10
1055	312	10
1055	388	20
1055	640	150
1055	697	100
1055	1199	80
1055	1211	140
1055	1476	20
1055	1478	60
1056	699	60
1056	755	100
1056	1430	70
1057	276	30
1057	910	80
1057	1306	110
1058	549	20
1058	661	110
1058	858	120
1058	941	100
1058	1304	30
1059	946	80
1059	1031	110
1059	1063	50
1059	1185	70
1059	1345	130
1059	1432	70
1060	203	20
1060	1064	90
1060	1435	100
1061	91	50
1061	235	140
1061	424	40
1061	878	90
1061	1406	150
1062	691	60
1062	779	120
1062	1116	60
1062	1305	150
1063	427	40
1063	876	150
1063	1059	50
1063	1202	80
1064	151	10
1064	352	20
1064	1060	90
1064	1492	130
1065	623	140
1065	896	120
1065	1078	90
1065	1161	50
1065	1276	150
1065	1463	140
1066	372	50
1066	906	120
1066	1339	110
1067	800	100
1067	1095	60
1067	1109	100
1068	637	20
1068	705	60
1068	1121	100
1068	1176	70
1069	699	90
1069	1390	40
1070	1351	20
1071	314	140
1071	813	100
1071	932	100
1071	989	40
1071	1263	50
1072	166	50
1072	999	40
1072	1028	90
1072	1335	60
1073	845	110
1073	936	120
1073	1236	10
1074	656	70
1074	735	60
1074	814	10
1074	899	40
1075	1046	40
1075	1452	100
1076	1275	120
1077	612	50
1077	789	60
1077	1082	150
1077	1380	80
1078	41	40
1078	1065	90
1078	1091	10
1079	1000	120
1080	112	70
1080	869	20
1080	1227	40
1081	888	120
1081	917	70
1081	929	80
1081	1335	130
1081	1495	90
1082	895	30
1082	1077	150
1082	1417	120
1082	1456	70
1083	321	120
1083	806	110
1083	1031	150
1084	1008	100
1084	1179	100
1084	1198	90
1084	1263	10
1084	1420	150
1085	275	150
1085	514	120
1085	816	40
1085	1019	50
1085	1110	150
1085	1207	100
1086	257	30
1086	295	60
1086	396	130
1086	1327	100
1086	1466	90
1087	478	20
1087	765	90
1088	781	70
1088	1037	90
1088	1393	100
1089	1099	10
1090	597	40
1090	800	30
1090	877	80
1090	1371	130
1090	1421	20
1091	586	50
1091	1078	10
1092	289	130
1093	558	130
1093	645	30
1093	807	120
1093	1137	40
1093	1452	130
1094	886	120
1094	1127	100
1095	171	30
1095	623	80
1095	1046	20
1095	1067	60
1096	264	50
1096	272	40
1096	1028	140
1096	1233	50
1096	1261	40
1096	1289	30
1097	1152	50
1097	1242	70
1097	1270	90
1098	65	50
1098	117	100
1098	502	30
1098	1205	60
1098	1297	110
1098	1423	110
1098	1435	100
1099	565	30
1099	836	70
1099	1089	10
1099	1204	40
1100	673	60
1100	1483	10
1101	812	20
1101	1363	50
1102	346	40
1102	683	60
1102	1038	20
1102	1476	110
1103	1205	140
1103	1252	150
1103	1369	20
1103	1489	140
1104	456	60
1104	1271	20
1104	1320	90
1104	1374	90
1105	748	10
1105	1248	150
1105	1494	100
1106	952	130
1106	1006	40
1106	1288	110
1107	955	60
1107	1136	100
1107	1313	100
1107	1327	140
1108	371	130
1108	669	140
1108	727	10
1108	1188	100
1108	1389	40
1109	556	50
1109	982	60
1109	996	70
1109	1067	100
1110	648	130
1110	910	10
1110	1085	150
1110	1226	20
1110	1365	20
1111	1004	20
1112	914	40
1112	1117	140
1112	1479	20
1113	1007	130
1113	1127	60
1113	1282	130
1114	221	140
1114	1121	130
1115	361	40
1115	552	90
1115	621	30
1115	1242	150
1115	1255	120
1116	780	20
1116	988	30
1116	1062	60
1116	1360	40
1117	795	20
1117	1112	140
1117	1200	140
1117	1422	60
1118	273	140
1118	612	80
1118	719	140
1118	821	60
1119	161	40
1119	449	10
1119	942	80
1119	1344	110
1119	1490	100
1120	648	130
1120	1173	50
1120	1196	60
1120	1253	90
1121	4	100
1121	496	50
1121	642	90
1121	1000	30
1121	1068	100
1121	1114	130
1122	814	120
1123	498	50
1123	637	10
1124	715	40
1124	1052	130
1124	1344	120
1125	242	40
1125	723	90
1125	909	130
1125	1495	130
1126	1291	20
1127	374	60
1127	708	40
1127	1094	100
1127	1113	60
1127	1331	140
1127	1486	30
1128	116	30
1128	313	90
1128	324	10
1128	912	70
1128	1021	90
1128	1186	150
1129	872	150
1129	1215	20
1129	1387	130
1130	303	50
1130	539	150
1130	869	140
1131	382	80
1131	539	100
1132	875	40
1132	922	80
1132	1169	140
1133	960	130
1133	1285	130
1133	1410	20
1134	948	140
1134	1418	110
1135	855	110
1135	1242	110
1135	1267	80
1136	18	140
1136	96	100
1136	604	30
1136	871	140
1136	982	20
1136	1035	30
1136	1107	100
1137	145	120
1137	449	80
1137	1093	40
1138	874	50
1138	1240	70
1139	68	70
1139	1021	120
1139	1340	120
1139	1402	150
1140	111	140
1140	270	140
1140	1047	40
1140	1226	20
1141	10	60
1141	1043	80
1141	1142	40
1141	1149	120
1141	1215	150
1141	1242	110
1141	1332	150
1142	1141	40
1142	1182	100
1143	74	110
1143	896	20
1143	1443	110
1144	797	100
1144	1269	120
1144	1434	20
1145	937	10
1145	1375	50
1146	373	10
1146	952	70
1146	1165	70
1147	158	60
1147	197	130
1147	252	110
1147	288	120
1147	740	80
1147	848	50
1148	892	80
1148	961	40
1148	1013	110
1149	804	130
1149	1141	120
1149	1258	130
1150	481	10
1150	665	130
1151	1235	150
1152	13	30
1152	1097	50
1152	1264	90
1152	1318	140
1153	530	10
1153	915	40
1153	1171	60
1153	1216	70
1154	627	140
1154	1315	10
1155	110	130
1155	129	60
1155	923	130
1155	1255	80
1155	1420	140
1156	249	40
1156	653	100
1156	980	90
1156	1019	130
1156	1250	80
1156	1317	40
1157	638	90
1158	442	40
1158	1053	110
1159	14	140
1159	1273	110
1159	1488	130
1159	1499	10
1160	87	30
1160	659	140
1160	805	10
1160	1278	60
1160	1336	110
1161	881	80
1161	975	30
1161	1065	50
1161	1254	90
1162	81	140
1162	362	20
1162	429	60
1162	964	140
1162	1174	140
1163	912	90
1163	1171	90
1163	1189	100
1163	1292	110
1163	1333	60
1163	1400	10
1163	1428	140
1163	1460	60
1164	739	70
1164	1433	120
1165	144	70
1165	470	10
1165	1146	70
1165	1193	100
1165	1468	30
1166	38	10
1166	276	140
1166	1263	10
1166	1301	80
1167	1179	110
1167	1262	80
1167	1269	50
1167	1357	30
1167	1424	80
1168	1491	120
1169	820	130
1169	1132	140
1169	1210	130
1170	277	140
1171	668	100
1171	710	70
1171	1153	60
1171	1163	90
1172	270	70
1172	421	150
1172	477	70
1172	544	150
1173	176	80
1173	833	100
1173	1015	100
1173	1043	30
1173	1120	50
1174	177	110
1174	616	70
1174	717	50
1174	824	140
1174	845	40
1174	931	140
1174	1162	140
1175	105	30
1175	790	120
1175	828	140
1175	1290	130
1175	1359	150
1176	798	30
1176	840	120
1176	1068	70
1176	1218	130
1177	151	110
1177	756	10
1177	938	80
1177	1029	70
1177	1205	90
1178	65	140
1178	919	110
1178	1018	10
1178	1390	30
1178	1410	40
1179	634	70
1179	854	100
1179	912	110
1179	935	100
1179	1084	100
1179	1167	110
1180	93	60
1180	1327	40
1180	1365	70
1181	346	140
1181	1189	30
1182	639	130
1182	1142	100
1182	1211	140
1182	1265	30
1182	1347	40
1182	1363	80
1182	1438	30
1183	307	100
1183	1474	20
1184	281	140
1184	940	110
1185	416	70
1185	952	30
1185	1059	70
1185	1258	150
1185	1277	90
1185	1431	140
1185	1450	30
1186	128	90
1186	354	90
1186	780	30
1186	1128	150
1186	1288	130
1186	1457	70
1187	524	110
1187	832	110
1187	1024	130
1187	1273	30
1187	1452	100
1188	861	140
1188	915	60
1188	1108	100
1188	1197	120
1189	430	60
1189	1007	60
1189	1163	100
1189	1181	30
1189	1404	40
1190	509	120
1190	948	130
1190	960	10
1190	1306	30
1191	801	20
1191	1415	50
1191	1478	40
1192	324	150
1192	373	50
1192	1270	100
1192	1331	110
1192	1427	80
1193	802	60
1193	938	110
1193	1165	100
1194	605	120
1194	792	40
1194	1486	120
1195	933	30
1195	1218	50
1195	1329	30
1195	1491	20
1196	666	130
1196	1120	60
1196	1216	100
1197	608	120
1197	1188	120
1197	1491	90
1198	888	150
1198	1084	90
1198	1249	10
1199	502	120
1199	1055	80
1199	1200	40
1199	1338	150
1199	1420	40
1200	491	10
1200	947	20
1200	1033	60
1200	1053	20
1200	1117	140
1200	1199	40
1200	1267	50
1200	1452	20
1201	318	150
1201	406	20
1201	572	110
1201	1300	40
1202	675	100
1202	1063	80
1202	1277	40
1202	1401	130
1203	994	110
1203	1240	50
1204	229	110
1204	372	140
1204	404	80
1204	1099	40
1204	1234	130
1204	1272	120
1205	365	140
1205	831	90
1205	928	120
1205	1098	60
1205	1103	140
1205	1177	90
1205	1264	140
1205	1438	70
1206	243	10
1206	937	20
1206	1212	40
1206	1404	90
1206	1498	100
1207	533	60
1207	999	130
1207	1085	100
1207	1316	80
1208	778	50
1208	975	40
1208	1014	90
1208	1247	120
1208	1411	50
1209	576	90
1209	925	60
1209	950	110
1209	1037	140
1209	1233	120
1209	1395	10
1210	352	80
1210	1169	130
1211	424	60
1211	1055	140
1211	1182	140
1211	1374	100
1212	1004	70
1212	1206	40
1213	15	70
1213	444	140
1213	986	110
1213	1040	40
1213	1410	90
1213	1472	60
1214	199	20
1214	676	80
1214	837	70
1214	1393	130
1215	46	40
1215	653	100
1215	788	50
1215	1129	20
1215	1141	150
1215	1225	150
1215	1259	150
1215	1350	20
1215	1443	80
1216	126	80
1216	247	90
1216	369	90
1216	789	100
1216	1153	70
1216	1196	100
1216	1462	130
1217	125	120
1218	128	40
1218	564	90
1218	836	90
1218	1176	130
1218	1195	50
1218	1445	60
1218	1461	100
1219	912	10
1219	1271	150
1219	1392	10
1219	1483	60
1220	464	70
1220	522	130
1220	1375	70
1221	79	140
1221	104	10
1221	707	60
1222	52	70
1222	956	40
1222	1319	140
1223	777	60
1223	1352	10
1224	262	70
1224	901	20
1224	990	110
1224	1012	70
1224	1458	10
1225	391	120
1225	1215	150
1226	279	10
1226	367	130
1226	1110	20
1226	1140	20
1226	1250	60
1226	1311	140
1226	1353	30
1226	1471	130
1227	77	150
1227	501	150
1227	1080	40
1227	1402	40
1228	85	20
1228	564	50
1228	959	10
1229	1267	30
1229	1414	40
1230	386	140
1230	546	30
1230	1429	70
1231	879	50
1231	929	80
1231	1039	30
1231	1486	150
1232	903	20
1232	1275	80
1232	1390	140
1233	476	40
1233	537	60
1233	716	10
1233	1096	50
1233	1209	120
1234	511	110
1234	981	50
1234	1204	130
1235	162	60
1235	1151	150
1235	1360	70
1235	1421	130
1236	378	70
1236	598	130
1236	1073	10
1236	1462	20
1237	849	30
1237	1364	10
1238	1337	10
1238	1479	10
1239	585	130
1239	644	40
1239	716	20
1239	1245	110
1240	111	70
1240	934	90
1240	1138	70
1240	1203	50
1241	62	30
1241	125	130
1241	275	30
1241	964	30
1241	975	10
1241	1266	20
1242	266	20
1242	869	90
1242	885	40
1242	1097	70
1242	1115	150
1242	1135	110
1242	1141	110
1242	1277	30
1242	1422	90
1243	579	140
1244	45	140
1244	715	150
1244	923	100
1244	1257	130
1244	1280	50
1245	341	100
1245	541	70
1245	741	120
1245	783	120
1245	1239	110
1245	1326	40
1245	1360	90
1245	1499	130
1246	589	40
1246	700	20
1246	1329	140
1246	1394	80
1247	195	20
1247	630	70
1247	971	40
1247	1013	60
1247	1208	120
1248	270	150
1248	306	80
1248	500	100
1248	1105	150
1249	801	140
1249	1198	10
1249	1366	40
1250	178	150
1250	599	120
1250	989	60
1250	1156	80
1250	1226	60
1250	1386	20
1250	1435	120
1251	555	10
1251	891	20
1251	993	80
1251	1016	20
1251	1326	90
1252	1103	150
1252	1311	60
1253	111	80
1253	789	20
1253	1120	90
1254	584	140
1254	835	130
1254	1161	90
1254	1419	80
1255	1115	120
1255	1155	80
1255	1331	130
1255	1447	120
1255	1456	60
1255	1487	50
1256	261	140
1256	555	130
1256	1022	80
1256	1051	100
1256	1280	110
1256	1362	10
1257	415	20
1257	621	100
1257	972	140
1257	1244	130
1257	1496	100
1258	71	140
1258	882	60
1258	1149	130
1258	1185	150
1259	98	70
1259	1215	150
1259	1350	130
1259	1399	70
1260	354	90
1260	505	110
1260	506	30
1260	604	60
1260	926	80
1261	493	90
1261	755	100
1261	836	30
1261	924	110
1261	1096	40
1261	1382	50
1262	921	90
1262	1167	80
1262	1460	80
1262	1484	120
1263	472	70
1263	1071	50
1263	1084	10
1263	1166	10
1264	495	130
1264	840	30
1264	1152	90
1264	1205	140
1264	1498	60
1265	211	150
1265	405	120
1265	557	40
1265	597	70
1265	1182	30
1266	316	80
1266	1241	20
1266	1313	20
1267	47	40
1267	1135	80
1267	1200	50
1267	1229	30
1267	1328	130
1267	1355	150
1268	343	90
1268	930	80
1268	1363	40
1269	783	120
1269	1144	120
1269	1167	50
1270	1097	90
1270	1192	100
1270	1474	30
1271	1104	20
1271	1219	150
1271	1418	120
1272	588	20
1272	852	100
1272	927	110
1272	958	30
1272	1204	120
1272	1409	40
1273	118	130
1273	233	30
1273	258	60
1273	507	140
1273	631	20
1273	1159	110
1273	1187	30
1274	956	110
1274	980	130
1274	1425	50
1275	448	40
1275	775	70
1275	1076	120
1275	1232	80
1275	1342	110
1275	1500	60
1276	154	90
1276	405	20
1276	1065	150
1277	492	100
1277	783	80
1277	941	140
1277	984	90
1277	1185	90
1277	1202	40
1277	1242	30
1278	103	20
1278	1027	30
1278	1160	60
1278	1343	100
1278	1357	150
1279	980	30
1279	1368	20
1279	1471	40
1280	681	50
1280	958	140
1280	1244	50
1280	1256	110
1280	1292	40
1280	1294	40
1280	1333	100
1280	1435	60
1281	176	40
1281	423	30
1281	665	30
1281	893	150
1281	1337	140
1282	389	100
1282	681	110
1282	1113	130
1282	1295	40
1283	446	130
1283	859	120
1283	902	50
1283	1322	20
1284	416	80
1284	1384	140
1285	458	20
1285	483	150
1285	830	150
1285	1133	130
1285	1407	10
1286	644	80
1286	1334	140
1287	519	130
1287	766	60
1287	1043	70
1288	54	100
1288	740	50
1288	1106	110
1288	1186	130
1288	1325	80
1289	118	40
1289	205	20
1289	894	50
1289	1006	90
1289	1096	30
1289	1291	120
1289	1346	30
1290	974	110
1290	1175	130
1290	1352	30
1290	1394	80
1290	1473	90
1291	961	130
1291	975	120
1291	1126	20
1291	1289	120
1291	1341	100
1291	1343	120
1291	1381	40
1291	1390	130
1291	1454	70
1292	778	100
1292	987	140
1292	1163	110
1292	1280	40
1292	1374	110
1293	896	100
1293	1397	150
1294	293	150
1294	502	60
1294	1280	40
1294	1482	50
1295	810	60
1295	944	120
1295	1282	40
1296	543	140
1296	1364	50
1296	1386	20
1297	112	80
1297	546	110
1297	949	10
1297	1098	110
1298	175	150
1298	863	150
1299	248	100
1299	646	80
1299	914	100
1300	428	30
1300	823	20
1300	1201	40
1301	848	150
1301	1166	80
1301	1485	130
1302	111	100
1302	1387	140
1302	1497	60
1303	757	60
1303	790	140
1303	1363	90
1304	973	90
1304	1058	30
1304	1423	120
1304	1444	90
1304	1482	60
1305	1062	150
1305	1313	30
1305	1366	150
1305	1429	90
1306	532	70
1306	679	50
1306	920	80
1306	1057	110
1306	1190	30
1307	442	110
1307	1328	50
1307	1432	90
1307	1483	120
1308	227	140
1308	592	10
1308	910	50
1308	1329	120
1309	112	90
1309	285	140
1309	429	40
1309	493	130
1309	1010	130
1309	1469	20
1310	180	10
1310	214	50
1310	921	30
1310	1435	120
1311	27	130
1311	296	100
1311	487	60
1311	742	90
1311	953	60
1311	1226	140
1311	1252	60
1311	1363	30
1311	1410	100
1312	192	110
1312	1329	60
1313	182	10
1313	833	150
1313	1107	100
1313	1266	20
1313	1305	30
1313	1358	20
1313	1416	120
1313	1480	110
1314	476	80
1314	1474	110
1315	408	50
1315	1154	10
1316	156	40
1316	505	130
1316	539	40
1316	1207	80
1316	1331	140
1316	1419	140
1317	768	70
1317	1156	40
1317	1411	50
1318	1152	140
1318	1439	50
1319	41	80
1319	844	40
1319	1222	140
1319	1375	20
1319	1434	70
1320	72	100
1320	387	80
1320	718	120
1320	970	50
1320	1104	90
1321	547	140
1321	1363	20
1321	1427	40
1321	1471	150
1322	206	90
1322	547	150
1322	900	70
1322	1283	20
1322	1435	110
1323	1026	60
1323	1481	70
1324	610	40
1324	967	140
1324	1325	20
1324	1383	100
1325	233	20
1325	281	120
1325	603	90
1325	997	70
1325	1288	80
1325	1324	20
1325	1399	110
1326	307	120
1326	480	30
1326	677	110
1326	1245	40
1326	1251	90
1326	1366	110
1326	1409	110
1327	272	70
1327	591	150
1327	1086	100
1327	1107	140
1327	1180	40
1327	1335	120
1327	1420	120
1327	1431	150
1328	290	10
1328	354	50
1328	551	50
1328	779	80
1328	1047	50
1328	1267	130
1328	1307	50
1329	816	130
1329	930	40
1329	1031	20
1329	1048	140
1329	1195	30
1329	1246	140
1329	1308	120
1329	1312	60
1330	262	150
1330	365	90
1330	761	100
1330	1026	90
1330	1412	90
1331	761	130
1331	940	10
1331	1002	150
1331	1127	140
1331	1192	110
1331	1255	130
1331	1316	140
1331	1348	120
1332	655	130
1332	1141	150
1333	822	60
1333	1163	60
1333	1280	100
1333	1423	130
1334	21	130
1334	583	70
1334	605	120
1334	1051	100
1334	1286	140
1334	1375	50
1334	1417	40
1335	39	40
1335	596	70
1335	1072	60
1335	1081	130
1335	1327	120
1335	1342	150
1335	1381	120
1336	697	150
1336	959	10
1336	1160	110
1336	1429	140
1337	403	100
1337	1238	10
1337	1281	140
1337	1380	30
1338	1199	150
1338	1454	90
1339	750	100
1339	874	80
1339	1066	110
1339	1352	80
1340	552	90
1340	683	90
1340	884	130
1340	1139	120
1340	1417	20
1341	532	10
1341	542	60
1341	646	120
1341	1291	100
1341	1500	60
1342	500	70
1342	942	130
1342	1275	110
1342	1335	150
1342	1421	10
1343	40	40
1343	327	50
1343	723	30
1343	1043	20
1343	1046	80
1343	1278	100
1343	1291	120
1344	1119	110
1344	1124	120
1344	1484	120
1345	16	70
1345	53	50
1345	518	10
1345	1059	130
1345	1403	20
1346	68	10
1346	1289	30
1346	1362	130
1346	1397	60
1347	493	20
1347	876	90
1347	1182	40
1347	1356	130
1348	16	50
1348	156	10
1348	587	50
1348	1331	120
1348	1391	40
1348	1427	120
1349	535	80
1349	855	90
1349	1036	120
1349	1053	150
1350	26	90
1350	171	110
1350	265	20
1350	721	90
1350	1215	20
1350	1259	130
1351	175	150
1351	939	40
1351	1070	20
1351	1497	80
1351	1498	140
1352	407	120
1352	777	40
1352	943	90
1352	1223	10
1352	1290	30
1352	1339	80
1352	1361	80
1353	196	50
1353	523	140
1353	617	20
1353	650	120
1353	1226	30
1353	1366	150
1353	1392	20
1354	333	90
1354	963	150
1354	1500	130
1355	1267	150
1355	1368	150
1355	1386	110
1355	1473	110
1356	702	140
1356	1347	130
1356	1415	30
1356	1445	70
1356	1481	70
1357	94	140
1357	1167	30
1357	1278	150
1357	1369	150
1357	1370	40
1357	1455	30
1358	172	140
1358	446	70
1358	552	130
1358	1313	20
1359	703	150
1359	1023	110
1359	1175	150
1359	1393	80
1359	1463	120
1360	541	150
1360	983	140
1360	1047	90
1360	1116	40
1360	1235	70
1360	1245	90
1360	1459	90
1361	632	20
1361	633	100
1361	953	10
1361	1352	80
1361	1369	60
1361	1388	60
1362	73	120
1362	132	130
1362	181	130
1362	886	100
1362	1256	10
1362	1346	130
1362	1415	90
1363	139	40
1363	620	10
1363	872	90
1363	1101	50
1363	1182	80
1363	1268	40
1363	1303	90
1363	1311	30
1363	1321	20
1363	1370	110
1363	1396	100
1363	1486	80
1364	376	60
1364	842	80
1364	1042	60
1364	1237	10
1364	1296	50
1365	406	130
1365	835	100
1365	1110	20
1365	1180	70
1366	745	70
1366	1249	40
1366	1305	150
1366	1326	110
1366	1353	150
1367	206	90
1367	328	20
1367	825	130
1367	977	10
1367	1403	90
1367	1441	10
1367	1479	10
1368	277	120
1368	754	80
1368	1279	20
1368	1355	150
1368	1382	100
1368	1404	70
1369	394	110
1369	1044	60
1369	1103	20
1369	1357	150
1369	1361	60
1370	571	40
1370	887	20
1370	1357	40
1370	1363	110
1370	1475	40
1371	114	90
1371	446	140
1371	452	30
1371	488	100
1371	738	10
1371	1026	140
1371	1090	130
1371	1394	120
1371	1489	60
1372	488	60
1372	1417	130
1372	1475	90
1373	428	20
1373	1000	10
1373	1048	70
1373	1404	80
1373	1463	80
1374	167	90
1374	245	60
1374	682	40
1374	789	40
1374	1104	90
1374	1211	100
1374	1292	110
1375	1145	50
1375	1220	70
1375	1319	20
1375	1334	50
1376	513	90
1376	1384	20
1376	1490	20
1377	825	30
1377	1390	30
1378	239	40
1378	242	140
1378	1468	90
1379	350	70
1379	478	50
1379	490	80
1379	1013	140
1379	1467	120
1380	1077	80
1380	1337	30
1381	5	110
1381	357	130
1381	636	20
1381	1291	40
1381	1335	120
1381	1419	90
1381	1434	60
1382	1261	50
1382	1368	100
1382	1458	120
1383	226	120
1383	897	110
1383	1324	100
1383	1464	120
1384	635	50
1384	820	130
1384	919	140
1384	1284	140
1384	1376	20
1384	1405	120
1385	201	60
1385	285	40
1385	812	20
1385	942	30
1385	1037	130
1385	1462	60
1386	225	60
1386	556	20
1386	1250	20
1386	1296	20
1386	1355	110
1386	1398	50
1386	1400	50
1386	1427	90
1387	269	100
1387	610	120
1387	1129	130
1387	1302	140
1387	1407	50
1387	1412	70
1387	1425	50
1388	951	120
1388	1361	60
1388	1443	40
1389	545	80
1389	833	120
1389	1049	80
1389	1108	40
1389	1408	80
1389	1419	80
1389	1471	140
1390	370	110
1390	1069	40
1390	1178	30
1390	1232	140
1390	1291	130
1390	1377	30
1391	24	80
1391	1348	40
1391	1433	70
1391	1434	80
1392	9	10
1392	534	140
1392	775	40
1392	1219	10
1392	1353	20
1392	1436	80
1392	1440	140
1393	822	140
1393	944	130
1393	1042	40
1393	1088	100
1393	1214	130
1393	1359	80
1393	1398	140
1393	1448	30
1394	363	150
1394	436	60
1394	739	100
1394	1246	80
1394	1290	80
1394	1371	120
1395	1049	110
1395	1209	10
1396	54	110
1396	800	50
1396	1363	100
1396	1450	90
1397	1293	150
1397	1346	60
1397	1434	150
1397	1456	70
1398	244	20
1398	1386	50
1398	1393	140
1398	1401	30
1398	1408	30
1398	1438	50
1399	78	10
1399	1001	150
1399	1259	70
1399	1325	110
1399	1489	40
1400	218	60
1400	844	10
1400	1163	10
1400	1386	50
1400	1435	130
1401	1202	130
1401	1398	30
1401	1463	80
1401	1486	30
1402	194	50
1402	748	10
1402	819	20
1402	934	40
1402	1139	150
1402	1227	40
1402	1453	110
1403	79	150
1403	90	110
1403	178	50
1403	260	20
1403	287	20
1403	525	20
1403	961	140
1403	1345	20
1403	1367	90
1403	1440	10
1404	860	130
1404	1189	40
1404	1206	90
1404	1368	70
1404	1373	80
1404	1413	50
1404	1473	150
1404	1492	10
1405	615	20
1405	730	110
1405	938	10
1405	984	70
1405	1384	120
1405	1439	150
1406	1061	150
1407	707	50
1407	952	100
1407	1285	10
1407	1387	50
1408	734	110
1408	1389	80
1408	1398	30
1408	1437	30
1408	1495	100
1409	1272	40
1409	1326	110
1409	1448	80
1409	1479	60
1410	244	50
1410	875	150
1410	1133	20
1410	1178	40
1410	1213	90
1410	1311	100
1410	1414	20
1410	1492	140
1411	185	30
1411	392	100
1411	1208	50
1411	1317	50
1412	1028	30
1412	1330	90
1412	1387	70
1412	1413	50
1412	1424	30
1413	705	80
1413	730	140
1413	1404	50
1413	1412	50
1414	1229	40
1414	1410	20
1414	1423	50
1414	1454	60
1415	299	20
1415	507	80
1415	816	90
1415	1191	50
1415	1356	30
1415	1362	90
1416	182	10
1416	433	110
1416	872	150
1416	979	20
1416	1313	120
1416	1421	80
1416	1453	150
1416	1493	130
1417	293	50
1417	428	40
1417	908	80
1417	1082	120
1417	1334	40
1417	1340	20
1417	1372	130
1418	816	80
1418	1134	110
1418	1271	120
1418	1426	120
1419	1254	80
1419	1316	140
1419	1381	90
1419	1389	80
1419	1472	100
1419	1487	30
1420	133	140
1420	965	120
1420	1084	150
1420	1155	140
1420	1199	40
1420	1327	120
1420	1441	110
1420	1468	120
1421	297	60
1421	885	50
1421	1090	20
1421	1235	130
1421	1342	10
1421	1416	80
1421	1478	150
1422	153	120
1422	1018	80
1422	1117	60
1422	1242	90
1423	123	70
1423	916	120
1423	1098	110
1423	1304	120
1423	1333	130
1423	1414	50
1423	1467	110
1424	354	50
1424	1167	80
1424	1412	30
1424	1494	20
1425	724	70
1425	728	70
1425	1274	50
1425	1387	50
1425	1454	50
1426	1418	120
1426	1441	120
1427	105	140
1427	131	70
1427	486	20
1427	1192	80
1427	1321	40
1427	1348	120
1427	1386	90
1428	1163	140
1429	209	30
1429	628	20
1429	808	50
1429	1230	70
1429	1305	90
1429	1336	140
1430	80	70
1430	1007	120
1430	1056	70
1430	1434	30
1430	1467	10
1431	233	90
1431	323	60
1431	839	110
1431	1185	140
1431	1327	150
1431	1466	20
1432	1059	70
1432	1307	90
1432	1474	140
1432	1499	10
1433	204	110
1433	385	150
1433	948	100
1433	1164	120
1433	1391	70
1433	1440	20
1434	426	20
1434	468	90
1434	716	20
1434	767	150
1434	871	40
1434	1144	20
1434	1319	70
1434	1381	60
1434	1391	80
1434	1397	150
1434	1430	30
1434	1456	110
1435	1060	100
1435	1098	100
1435	1250	120
1435	1280	60
1435	1310	120
1435	1322	110
1435	1400	130
1436	103	120
1436	986	140
1436	1392	80
1436	1474	110
1437	1408	30
1437	1480	150
1437	1499	140
1438	46	140
1438	782	50
1438	853	10
1438	1182	30
1438	1205	70
1438	1398	50
1439	37	70
1439	1318	50
1439	1405	150
1440	34	10
1440	1392	140
1440	1403	10
1440	1433	20
1441	299	30
1441	759	60
1441	909	70
1441	1367	10
1441	1420	110
1441	1426	120
1441	1483	40
1442	380	90
1442	787	90
1442	912	80
1442	925	70
1442	1467	150
1443	1143	110
1443	1215	80
1443	1388	40
1444	21	90
1444	1304	90
1444	1459	60
1445	608	100
1445	734	100
1445	771	20
1445	977	140
1445	1019	130
1445	1027	120
1445	1218	60
1445	1356	70
1446	1449	150
1446	1480	110
1447	697	100
1447	1255	120
1447	1465	150
1448	677	60
1448	732	30
1448	1009	50
1448	1030	60
1448	1393	30
1448	1409	80
1448	1454	10
1448	1468	70
1448	1473	150
1448	1492	150
1448	1493	120
1449	772	80
1449	1446	150
1449	1462	80
1450	818	150
1450	841	20
1450	1185	30
1450	1396	90
1450	1476	40
1451	553	50
1451	1457	100
1451	1468	110
1451	1492	80
1452	678	70
1452	919	70
1452	957	30
1452	1075	100
1452	1093	130
1452	1187	100
1452	1200	20
1452	1456	10
1452	1465	80
1452	1499	70
1453	206	140
1453	628	100
1453	855	150
1453	1402	110
1453	1416	150
1453	1499	90
1454	60	80
1454	813	40
1454	1291	70
1454	1338	90
1454	1414	60
1454	1425	50
1454	1448	10
1454	1464	140
1454	1486	150
1455	64	80
1455	883	140
1455	930	80
1455	940	110
1455	1357	30
1455	1472	20
1455	1480	100
1455	1482	50
1455	1492	90
1456	191	130
1456	770	10
1456	1082	70
1456	1255	60
1456	1397	70
1456	1434	110
1456	1452	10
1456	1466	10
1456	1497	80
1457	236	100
1457	738	150
1457	1186	70
1457	1451	100
1458	531	130
1458	1224	10
1458	1382	120
1458	1500	110
1459	290	70
1459	596	20
1459	1360	90
1459	1444	60
1460	923	90
1460	1163	60
1460	1262	80
1460	1472	100
1461	385	70
1461	1006	70
1461	1218	100
1462	593	30
1462	1054	140
1462	1216	130
1462	1236	20
1462	1385	60
1462	1449	80
1463	163	70
1463	387	80
1463	1065	140
1463	1359	120
1463	1373	80
1463	1401	80
1464	285	30
1464	760	130
1464	765	110
1464	950	60
1464	979	140
1464	999	20
1464	1383	120
1464	1454	140
1465	1447	150
1465	1452	80
1465	1479	120
1465	1489	50
1466	352	70
1466	446	20
1466	987	150
1466	1086	90
1466	1431	20
1466	1456	10
1466	1471	30
1467	1379	120
1467	1423	110
1467	1430	10
1467	1442	150
1467	1500	50
1468	348	70
1468	1036	10
1468	1165	30
1468	1378	90
1468	1420	120
1468	1448	70
1468	1451	110
1468	1497	50
1469	50	100
1469	703	20
1469	746	130
1469	799	110
1469	1309	20
1469	1472	40
1469	1483	40
1470	719	70
1470	774	60
1470	908	110
1470	1485	130
1471	693	80
1471	768	120
1471	1226	130
1471	1279	40
1471	1321	150
1471	1389	140
1471	1466	30
1472	1213	60
1472	1419	100
1472	1455	20
1472	1460	100
1472	1469	40
1472	1483	60
1473	1290	90
1473	1355	110
1473	1404	150
1473	1448	150
1473	1475	20
1473	1476	30
1473	1481	130
1473	1486	20
1474	723	40
1474	978	70
1474	1183	20
1474	1270	30
1474	1314	110
1474	1432	140
1474	1436	110
1474	1487	100
1475	394	10
1475	417	70
1475	750	30
1475	784	90
1475	849	100
1475	855	120
1475	1370	40
1475	1372	90
1475	1473	20
1476	240	40
1476	444	20
1476	635	50
1476	657	80
1476	696	20
1476	945	120
1476	1055	20
1476	1102	110
1476	1450	40
1476	1473	30
1477	1496	120
1477	1497	30
1478	873	10
1478	1055	60
1478	1191	40
1478	1421	150
1479	627	60
1479	932	40
1479	1112	20
1479	1238	10
1479	1367	10
1479	1409	60
1479	1465	120
1480	179	50
1480	859	60
1480	1313	110
1480	1437	150
1480	1446	110
1480	1455	100
1481	334	90
1481	1323	70
1481	1356	70
1481	1473	130
1482	899	10
1482	913	150
1482	1294	50
1482	1304	60
1482	1455	50
1483	364	40
1483	626	40
1483	766	40
1483	892	140
1483	965	150
1483	1100	10
1483	1219	60
1483	1307	120
1483	1441	40
1483	1469	40
1483	1472	60
1484	920	70
1484	993	150
1484	1262	120
1484	1344	120
1484	1494	120
1485	841	40
1485	1009	20
1485	1301	130
1485	1470	130
1486	61	40
1486	880	120
1486	905	90
1486	911	30
1486	1127	30
1486	1194	120
1486	1231	150
1486	1363	80
1486	1401	30
1486	1454	150
1486	1473	20
1486	1488	60
1487	155	60
1487	1255	50
1487	1419	30
1487	1474	100
1487	1496	130
1488	658	100
1488	871	40
1488	1159	130
1488	1486	60
1488	1491	40
1489	342	20
1489	958	150
1489	1103	140
1489	1371	60
1489	1399	40
1489	1465	50
1489	1492	30
1489	1494	120
1490	799	80
1490	1054	150
1490	1119	100
1490	1376	20
1490	1498	150
1491	494	110
1491	1168	120
1491	1195	20
1491	1197	90
1491	1488	40
1491	1493	100
1491	1494	130
1492	425	60
1492	824	150
1492	978	100
1492	1064	130
1492	1404	10
1492	1410	140
1492	1448	150
1492	1451	80
1492	1455	90
1492	1489	30
1493	157	40
1493	1416	130
1493	1448	120
1493	1491	100
1493	1495	10
1493	1498	120
1494	87	20
1494	882	10
1494	1105	100
1494	1424	20
1494	1484	120
1494	1489	120
1494	1491	130
1495	1081	90
1495	1125	130
1495	1408	100
1495	1493	10
1495	1497	110
1495	1498	90
1495	1499	20
1496	572	10
1496	860	20
1496	878	150
1496	1257	100
1496	1477	120
1496	1487	130
1496	1499	10
1497	495	80
1497	1302	60
1497	1351	80
1497	1456	80
1497	1468	50
1497	1477	30
1497	1495	110
1497	1498	60
1498	140	140
1498	506	20
1498	923	50
1498	1206	100
1498	1264	60
1498	1351	140
1498	1490	150
1498	1493	120
1498	1495	90
1498	1497	60
1498	1500	110
1499	335	70
1499	698	80
1499	1159	10
1499	1245	130
1499	1432	10
1499	1437	140
1499	1452	70
1499	1453	90
1499	1495	20
1499	1496	10
1500	791	110
1500	1275	60
1500	1341	60
1500	1354	130
1500	1458	110
1500	1467	50
1500	1498	110
1501	1520	150
1502	1507	150
1503	1508	140
1504	1505	10
1504	1513	140
1504	1517	90
1505	1504	10
1505	1509	70
1506	1510	110
1507	1502	150
1507	1513	80
1508	1503	140
1508	1519	80
1509	1505	70
1509	1510	10
1509	1512	130
1509	1516	40
1510	1506	110
1510	1509	10
1510	1512	70
1510	1518	80
1511	1512	70
1511	1514	50
1512	1509	130
1512	1510	70
1512	1511	70
1512	1513	100
1512	1514	70
1512	1519	110
1513	1504	140
1513	1507	80
1513	1512	100
1513	1515	20
1513	1517	90
1514	1511	50
1514	1512	70
1514	1518	80
1514	1519	150
1514	1520	10
1515	1513	20
1515	1518	70
1515	1520	80
1516	1509	40
1516	1517	130
1516	1520	50
1517	1504	90
1517	1513	90
1517	1516	130
1518	1510	80
1518	1514	80
1518	1515	70
1519	1508	80
1519	1512	110
1519	1514	150
1519	1520	70
1520	1501	150
1520	1514	10
1520	1515	80
1520	1516	50
1520	1519	70
