189 798
190 795
191 792
192 789
193 786
194 783
196 781
197 778
198 775
199 772
200 769
201 766
203 763
205 759
207 756
209 752
211 749
212 745
214 742
216 738
218 735
220 731
222 728
224 725
226 721
229 718
231 715
233 712
235 708
237 705
239 702
242 699
244 695
246 692
247 688
248 685
249 681
250 677
251 673
251 670
252 666
253 662
254 658
255 655
256 651
255 648
255 644
254 641
254 638
253 635
253 631
252 628
252 625
251 622
251 618
250 615
246 613
241 612
237 610
233 608
228 607
224 605
219 604
215 602
211 600
206 599
202 597
197 597
193 596
188 596
183 596
179 595
174 595
170 594
165 594
160 594
156 593
151 593
147 591
142 589
138 588
133 586
129 584
124 582
120 580
115 578
111 577
106 575
102 573
100 570
99 568
97 565
96 563
94 560
93 558
91 555
90 553
88 550
87 548
85 545
84 542
84 539
83 536
82 533
81 530
81 528
80 525
79 522
78 519
78 516
77 513
77 510
77 506
77 503
77 500
77 497
77 493
77 490
77 487
77 484
77 480
77 477
77 474
78 471
78 468
78 465
79 462
79 458
80 455
80 452
80 449
81 446
81 443
82 440
83 436
84 433
85 429
86 426
87 422
88 419
89 415
90 412
91 408
92 405
95 403
98 400
101 398
104 395
107 393
111 390
114 388
117 385
120 383
123 380
126 378
130 378
134 377
138 377
142 376
146 376
150 375
154 375
158 374
162 374
166 373
170 373
174 374
177 375
181 376
185 377
188 378
192 378
195 379
199 380
203 381
206 382
210 383
211 387
212 390
213 394
214 398
215 402
215 405
216 409
217 413
218 417
219 420
220 424
220 428
220 431
221 434
221 437
221 440
221 443
222 445
222 447
222 449
223 451
224 453
224 455
224 457
225 459
226 461
228 463
230 465
231 467
232 469
234 471
236 473
237 475
239 476
241 478
243 479
245 480
247 481
249 482
251 484
253 485
256 486
259 486
262 487
264 488
267 488
270 489
273 489
276 490
279 490
282 490
286 491
289 491
292 491
296 492
299 492
302 492
304 492
307 492
310 492
312 492
314 492
317 492
320 492
322 492
325 493
328 493
331 494
334 494
337 495
340 496
343 496
346 497
348 498
351 498
354 498
356 499
358 500
361 500
364 500
366 501
370 504
374 506
378 509
382 512
386 515
390 518
394 520
398 523
400 524
402 525
403 526
405 527
407 528
408 529
410 530
412 531
414 533
415 536
416 538
418 540
420 543
421 545
422 548
424 550
425 553
427 556
428 558
430 561
431 564
432 566
434 569
435 572
437 578
439 585
441 592
442 598
444 604
446 611
448 618
450 624
450 626
450 629
450 632
450 634
450 636
450 639
450 642
450 644
452 650
454 655
456 661
458 666
461 672
463 678
465 683
467 689
468 691
470 694
472 696
473 698
474 700
476 702
478 705
479 707
482 708
484 709
487 710
490 711
492 712
495 713
497 714
500 715
504 716
508 718
513 719
517 720
521 721
526 722
530 724
534 725
536 726
539 726
542 726
544 727
546 728
549 728
552 728
554 729
557 729
560 729
563 729
566 730
570 730
573 730
576 730
579 730
583 729
587 729
591 728
594 728
598 727
602 726
606 726
610 725
614 724
618 724
622 723
626 722
629 721
633 720
637 720
641 719
648 716
654 714
661 711
668 708
674 706
681 703
687 701
694 698
697 696
700 695
703 693
706 692
710 690
713 688
716 687
719 685
722 684
725 682
728 681
732 680
735 678
738 677
741 675
744 674
747 671
750 668
754 666
757 663
760 660
764 658
767 655
770 652
772 651
773 650
774 648
776 647
778 646
779 644
780 643
782 642
784 640
787 637
789 635
792 632
794 630
796 628
799 625
801 623
801 620
801 617
801 614
802 610
802 607
802 604
802 601
802 598
802 594
802 590
802 586
802 582
801 577
801 573
801 569
801 565
798 562
796 559
793 556
790 554
788 551
785 548
783 545
780 542
779 540
778 538
777 536
776 534
776 532
775 530
774 528
773 526
770 524
767 522
764 519
761 517
758 515
755 512
752 510
749 508
745 506
741 504
737 502
733 500
729 499
725 497
721 495
717 493
714 492
710 491
707 490
704 488
700 487
697 486
693 485
690 484
687 483
685 482
682 481
680 480
677 479
674 478
672 477
669 476
666 475
662 473
659 472
656 470
653 469
650 468
646 466
643 465
640 464
637 462
634 461
632 460
629 459
626 458
623 456
620 455
616 454
613 452
610 451
606 450
602 448
599 447
596 445
592 444
590 442
587 440
585 439
582 437
580 435
578 434
575 432
573 430
570 428
568 427
565 426
562 424
560 422
557 421
555 420
552 418
550 417
548 415
546 414
544 412
543 411
541 410
539 408
537 407
534 406
532 404
530 402
527 401
524 400
522 398
520 396
517 395
515 393
513 390
511 388
508 386
506 384
504 382
502 379
500 377
498 376
496 374
494 373
492 372
491 371
489 370
487 368
485 367
482 364
480 362
478 359
475 356
472 354
470 351
468 349
465 346
463 344
462 343
460 341
458 340
457 338
455 336
454 335
452 333
451 332
450 330
449 328
448 327
446 326
445 324
444 322
443 321
442 318
440 316
439 314
438 311
437 308
436 306
434 304
433 301
433 301
433 301
433 301
433 301
433 301
433 301
433 301
433 301
432 298
430 296
429 293
428 290
426 288
425 285
423 283
422 280
420 277
419 275
417 272
416 270
414 267
412 264
411 262
409 259
408 257
407 255
406 253
406 251
405 249
404 247
403 245
402 243
401 240
400 237
399 234
398 232
396 229
395 226
394 223
393 220
393 218
394 216
394 214
394 212
395 211
395 209
396 207
396 205
397 203
398 201
400 199
401 197
402 195
404 193
405 191
406 189
408 187
410 186
412 184
414 182
416 180
418 178
420 177
422 175
424 174
426 174
428 173
430 172
431 172
433 171
435 171
437 170
440 170
442 169
445 168
448 168
450 168
453 167
455 166
458 166
461 166
464 165
466 164
469 164
472 164
474 163
477 162
480 162
483 163
486 163
488 164
491 164
494 165
496 166
499 166
502 167
504 168
506 170
507 171
509 172
511 174
512 175
514 177
516 178
517 180
518 181
520 182
521 184
522 186
524 187
525 188
526 190
528 192
530 194
533 196
535 198
537 201
540 203
542 205
544 207
545 208
546 210
548 211
549 212
550 213
552 214
553 216
554 217
557 218
559 220
562 222
564 223
567 224
570 226
572 228
575 229
578 229
582 229
585 229
588 230
592 230
595 230
599 230
602 230
605 230
607 231
610 232
612 232
615 232
618 233
620 234
623 234
626 233
628 232
631 231
634 230
637 228
640 227
642 226
645 225
649 224
653 222
657 220
660 219
664 218
668 216
672 214
676 213
678 212
680 212
683 211
685 210
687 209
690 208
692 208
694 207
697 209
700 210
703 212
706 214
708 215
711 217
714 218
717 220
718 223
718 226
718 229
719 232
720 236
720 239
720 242
721 245
722 249
723 252
724 256
724 260
725 264
726 268
727 271
728 275
728 278
729 281
729 284
730 286
730 289
730 292
731 295
731 298
732 301
732 304
733 307
734 310
735 312
736 315
736 318
737 321
738 324
739 327
740 330
741 334
742 337
743 340
744 343
745 346
750 350
754 354
758 359
763 363
768 367
772 372
776 376
781 380
784 381
788 382
792 384
795 385
798 386
802 388
806 389
809 390
814 391
820 392
825 394
830 395
835 396
840 398
846 399
851 400
854 400
858 400
862 400
865 400
868 399
872 399
876 399
879 399
882 398
885 398
888 397
892 396
895 395
898 394
901 394
904 393
909 391
914 389
918 387
923 384
928 382
932 380
937 378
942 376
946 374
949 372
952 369
956 367
960 365
963 362
966 360
970 358
972 356
974 354
977 352
979 350
981 347
984 345
986 343
988 341
990 338
992 336
993 333
995 330
997 328
998 325
1000 323
1002 320
1004 317
1006 315
1008 312
1010 310
1011 307
1013 304
1015 302
1017 299
1019 296
1022 294
1024 291
1026 288
1028 286
1030 283
1033 281
1035 278
1037 276
1040 274
1042 271
1044 269
1046 267
1048 264
1051 262
1053 260
1054 258
1056 257
1057 255
1058 254
1060 252
1061 250
1063 249
1064 247
1065 245
1066 243
1066 241
1067 240
1068 238
1068 236
1069 234
1070 232
1070 230
1070 228
1070 226
1070 224
1070 223
1070 221
1070 219
1070 217