189 798
190 795
191 792
192 789
193 786
194 783
196 781
197 778
198 775
199 772
200 769
201 766
202 764
203 763
204 761
205 759
206 758
207 756
208 754
209 752
210 750
211 749
212 747
212 745
213 744
214 742
215 740
216 738
217 736
218 735
219 733
220 731
221 730
222 728
223 726
224 725
225 723
226 721
228 720
229 718
230 716
231 715
232 714
233 712
234 710
235 708
236 706
237 705
238 704
239 702
240 700
242 699
243 697
244 695
245 694
246 692
246 690
247 688
248 685
248 683
249 681
250 679
250 677
250 675
251 673
251 670
252 668
252 666
252 664
253 662
254 660
254 658
255 655
256 653
256 651
255 648
255 646
255 644
254 641
254 638
253 635
253 633
253 631
252 628
252 625
251 622
251 620
251 618
250 615
248 614
246 613
244 612
241 612
239 611
237 610
235 609
233 608
230 608
228 607
226 606
224 605
222 604
219 604
217 603
215 602
213 601
211 600
208 600
206 599
204 598
202 597
200 597
197 597
195 596
193 596
190 596
188 596
186 596
183 596
181 596
179 595
176 595
174 595
172 594
170 594
168 594
165 594
162 594
160 594
158 594
156 593
154 593
151 593
149 592
147 591
144 590
142 589
140 588
138 588
136 587
133 586
131 585
129 584
126 583
124 582
122 581
120 580
118 579
115 578
113 578
111 577
108 576
106 575
104 574
102 573
101 572
100 570
99 568
98 566
97 565
96 563
95 562
94 560
93 558
92 556
91 555
90 553
89 552
88 550
87 548
86 546
85 545
84 542
84 539
83 536
82 533
81 530
81 528
80 525
79 522
78 519
78 516
77 513
77 510
77 508
77 506
77 503
77 500
77 497
77 495
77 493
77 490
77 487
77 484
77 482
77 480
77 477
77 474
78 471
78 468
78 465
79 462
79 460
79 458
80 455
80 452
80 449
81 446
81 443
82 440
82 438
83 436
84 433
84 431
85 429
86 426
86 424
87 422
88 419
88 417
89 415
90 412
90 410
91 408
92 405
94 404
95 403
96 402
98 400
100 399
101 398
102 396
104 395
106 394
107 393
109 392
111 390
112 389
114 388
116 386
117 385
118 384
120 383
122 382
123 380
124 379
126 378
128 378
130 378
132 378
134 377
136 377
138 377
140 376
142 376
144 376
146 376
148 376
150 375
152 375
154 375
156 374
158 374
160 374
162 374
164 374
166 373
168 373
170 373
172 374
174 374
177 375
179 376
181 376
183 376
185 377
188 378
190 378
192 378
195 379
197 380
199 380
201 380
203 381
206 382
208 382
210 383
210 385
211 387
212 390
212 392
213 394
214 396
214 398
214 400
215 402
215 405
216 407
216 409
216 411
217 413
218 415
218 417
219 420
220 422
220 424
220 426
220 428
220 431
221 434
221 437
221 440
221 443
222 445
222 447
222 449
223 451
224 453
224 455
224 457
225 459
226 461
228 463
230 465
231 467
232 469
234 471
236 473
237 475
239 476
241 478
243 479
245 480
247 481
249 482
251 484
253 485
256 486
259 486
262 487
264 488
267 488
270 489
273 489
276 490
279 490
282 490
284 490
286 491
289 491
292 491
294 492
296 492
299 492
302 492
304 492
307 492
310 492
312 492
314 492
317 492
320 492
322 492
325 493
328 493
331 494
334 494
337 495
340 496
343 496
346 497
348 498
351 498
354 498
356 499
358 500
361 500
364 500
366 501
368 502
370 504
372 505
374 506
376 508
378 509
380 510
382 512
384 514
386 515
388 516
390 518
392 519
394 520
396 522
398 523
400 524
402 525
403 526
405 527
407 528
408 529
410 530
412 531
414 533
415 536
416 538
418 540
419 542
420 543
421 545
422 548
424 550
425 553
426 554
427 556
428 558
429 560
430 561
431 564
432 566
433 568
434 569
435 572
436 575
437 578
438 580
438 583
439 585
440 587
440 590
441 592
442 595
442 598
443 601
444 604
445 606
445 609
446 611
447 613
447 616
448 618
449 621
450 624
450 626
450 629
450 632
450 634
450 636
450 639
450 642
450 644
451 647
452 650
453 652
454 655
455 658
456 661
457 664
458 666
460 669
461 672
462 675
463 678
464 680
465 683
466 686
467 689
468 691
469 692
470 694
472 696
473 698
474 700
476 702
477 704
478 705
479 707
482 708
484 709
487 710
490 711
492 712
495 713
497 714
500 715
502 716
504 716
506 717
508 718
510 718
513 719
515 720
517 720
519 720
521 721
524 722
526 722
528 723
530 724
532 724
534 725
536 726
539 726
542 726
544 727
546 728
549 728
552 728
554 729
557 729
560 729
563 729
566 730
568 730
570 730
573 730
576 730
579 730
581 730
583 729
585 729
587 729
589 728
591 728
594 728
596 728
598 727
600 726
602 726
604 726
606 726
608 726
610 725
612 724
614 724
616 724
618 724
620 724
622 723
624 722
626 722
629 721
631 720
633 720
635 720
637 720
639 720
641 719
643 718
646 717
648 716
651 715
654 714
656 713
659 712
661 711
663 710
666 709
668 708
671 707
674 706
676 705
679 704
681 703
684 702
687 701
689 700
692 699
694 698
696 697
697 696
700 695
702 694
703 693
706 692
708 691
710 690
712 689
713 688
716 687
718 686
719 685
722 684
724 683
725 682
728 681
730 680
732 680
734 679
735 678
738 677
740 676
741 675
744 674
746 672
747 671
748 670
750 668
752 667
754 666
756 664
757 663
758 662
760 660
762 659
764 658
766 656
767 655
768 654
770 652
772 651
773 650
774 648
776 647
778 646
779 644
780 643
782 642
784 640
786 638
787 637
789 635
790 634
792 632
794 630
796 628
798 626
799 625
801 623
801 620
801 617
801 614
802 612
802 610
802 607
802 604
802 601
802 598
802 596
802 594
802 592
802 590
802 588
802 586
802 584
802 582
802 580
801 577
801 575
801 573
801 571
801 569
801 567
801 565
800 564
798 562
797 560
796 559
794 558
793 556
792 555
790 554
789 552
788 551
786 550
785 548
784 546
783 545
782 544
780 542
779 540
778 538
777 536
776 534
776 532
775 530
774 528
773 526
772 525
770 524
768 523
767 522
766 520
764 519
762 518
761 517
760 516
758 515
756 514
755 512
754 511
752 510
750 509
749 508
747 507
745 506
743 505
741 504
739 503
737 502
735 501
733 500
731 500
729 499
727 498
725 497
723 496
721 495
719 494
717 493
714 492
712 492
710 491
707 490
706 489
704 488
702 488
700 487
697 486
695 486
693 485
690 484
687 483
685 482
682 481
680 480
677 479
674 478
672 477
669 476
666 475
664 474
662 473
659 472
658 471
656 470
653 469
650 468
648 467
646 466
643 465
640 464
638 463
637 462
634 461
632 460
629 459
626 458
624 457
623 456
620 455
618 454
616 454
614 453
613 452
610 451
608 450
606 450
604 449
602 448
599 447
598 446
596 445
594 444
592 444
590 442
588 441
587 440
585 439
584 438
582 437
580 435
578 434
576 433
575 432
573 430
572 429
570 428
568 427
565 426
564 425
562 424
560 422
557 421
555 420
554 419
552 418
550 417
548 415
546 414
544 412
543 411
541 410
539 408
537 407
534 406
532 404
530 402
527 401
524 400
522 398
520 396
517 395
515 393
514 392
513 390
511 388
510 387
508 386
506 384
504 382
503 380
502 379
500 377
498 376
496 374
494 373
492 372
491 371
489 370
487 368
485 367
484 366
482 364
480 362
479 360
478 359
476 358
475 356
474 355
472 354
471 352
470 351
468 349
466 348
465 346
463 344
462 343
460 341
458 340
457 338
455 336
454 335
452 333
451 332
450 330
449 328
448 327
446 326
445 324
444 322
443 321
442 318
440 316
439 314
438 311
437 308
436 306
434 304
433 301
432 298
430 296
429 293
428 290
426 288
425 285
423 283
422 280
421 278
420 277
419 275
418 274
417 272
416 270
415 268
414 267
413 266
412 264
411 262
410 260
409 259
408 257
407 255
406 253
406 251
405 249
404 247
403 245
402 243
401 240
400 237
399 234
398 232
397 230
396 229
395 226
394 223
393 220
393 218
394 216
394 214
394 212
395 211
395 209
396 207
396 205
397 203
398 201
400 199
401 197
402 195
404 193
405 191
406 189
408 187
410 186
412 184
414 182
416 180
418 178
420 177
422 175
424 174
426 174
428 173
430 172
431 172
433 171
435 171
437 170
440 170
442 169
445 168
448 168
450 168
453 167
455 166
458 166
461 166
464 165
466 164
469 164
472 164
474 163
477 162
480 162
483 163
486 163
488 164
491 164
494 165
496 166
499 166
502 167
504 168
506 170
507 171
509 172
511 174
512 175
514 177
516 178
517 180
518 181
520 182
521 184
522 186
524 187
525 188
526 190
528 192
530 194
532 195
533 196
535 198
536 200
537 201
538 202
540 203
542 205
544 207
545 208
546 210
548 211
549 212
550 213
552 214
553 216
554 217
557 218
559 220
560 221
562 222
564 223
567 224
568 225
570 226
572 228
575 229
578 229
580 229
582 229
585 229
588 230
590 230
592 230
595 230
597 230
599 230
602 230
605 230
607 231
610 232
612 232
615 232
618 233
620 234
623 234
626 233
628 232
631 231
634 230
636 229
637 228
640 227
642 226
645 225
647 224
649 224
651 223
653 222
655 221
657 220
660 219
662 218
664 218
666 217
668 216
670 215
672 214
674 214
676 213
678 212
680 212
683 211
685 210
687 209
690 208
692 208
694 207
696 208
697 209
700 210
702 211
703 212
704 213
706 214
708 215
710 216
711 217
714 218
716 219
717 220
718 223
718 226
718 229
719 232
720 234
720 236
720 239
720 242
721 245
722 247
722 249
723 252
724 254
724 256
724 258
724 260
724 262
725 264
726 266
726 268
727 271
728 273
728 275
728 278
729 281
729 284
730 286
730 289
730 292
731 295
731 298
732 301
732 304
733 307
734 310
735 312
736 315
736 318
737 321
738 324
739 327
740 330
740 332
741 334
742 337
743 340
744 343
745 346
748 348
750 350
752 352
754 354
756 356
758 359
760 361
763 363
766 365
768 367
770 370
772 372
774 374
776 376
778 378
781 380
784 381
786 382
788 382
790 383
792 384
795 385
798 386
800 387
802 388
804 388
806 389
809 390
812 390
814 391
817 392
820 392
822 393
825 394
828 394
830 395
832 396
835 396
838 397
840 398
843 398
846 399
848 400
851 400
854 400
856 400
858 400
860 400
862 400
865 400
868 399
870 399
872 399
874 399
876 399
879 399
882 398
885 398
888 397
890 396
892 396
895 395
898 394
901 394
904 393
906 392
909 391
912 390
914 389
916 388
918 387
920 386
923 384
926 383
928 382
930 381
932 380
934 379
937 378
940 377
942 376
944 375
946 374
948 373
949 372
950 370
952 369
954 368
956 367
958 366
960 365
962 364
963 362
964 361
966 360
968 359
970 358
972 356
974 354
976 353
977 352
979 350
980 348
981 347
982 346
984 345
986 343
988 341
989 340
990 338
992 336
993 333
994 332
995 330
997 328
998 325
1000 323
1001 322
1002 320
1003 318
1004 317
1006 315
1007 314
1008 312
1010 310
1011 307
1012 306
1013 304
1015 302
1016 300
1017 299
1018 298
1019 296
1020 295
1022 294
1023 292
1024 291
1025 290
1026 288
1028 286
1029 284
1030 283
1032 282
1033 281
1034 280
1035 278
1037 276
1038 275
1040 274
1041 272
1042 271
1044 269
1046 267
1047 266
1048 264
1050 263
1051 262
1053 260
1054 258
1056 257
1057 255
1058 254
1060 252
1061 250
1063 249
1064 247
1065 245
1066 243
1066 241
1067 240
1068 238
1068 236
1069 234
1070 232
1070 230
1070 228
1070 226
1070 224
1070 223
1070 221
1070 219
1070 217
