1 175 20
1 461 120
2 98 130
2 589 110
3 830 140
4 234 70
4 333 10
4 509 140
4 1121 100
5 983 110
5 1381 110
6 512 80
6 567 120
6 909 110
7 1009 40
8 153 150
8 375 10
9 413 110
9 1392 10
10 270 40
10 1141 60
11 399 100
11 548 120
12 842 50
13 120 60
13 1152 30
14 1159 140
15 1213 70
16 163 30
16 237 20
16 1345 70
16 1348 50
17 67 140
17 185 80
17 614 110
17 937 80
17 998 90
18 880 100
18 1136 140
19 666 140
20 622 30
21 432 110
21 715 40
21 830 70
21 1334 130
21 1444 90
22 156 130
22 224 90
23 329 50
23 517 90
24 1391 80
25 77 30
25 875 10
26 1350 90
27 1311 130
28 106 60
29 886 120
29 988 70
30 84 130
30 801 100
31 831 80
31 1052 90
32 292 140
32 698 60
33 139 60
34 404 150
34 1440 10
35 148 30
35 253 40
35 261 130
35 416 130
36 883 40
37 595 30
37 1439 70
38 971 140
38 1166 10
39 408 100
39 465 70
39 1335 40
40 90 40
40 1343 40
41 1078 40
41 1319 80
42 465 80
43 467 110
43 584 120
43 627 90
44 185 120
45 344 120
45 1244 140
46 1215 40
46 1438 140
47 231 30
47 1267 40
48 366 60
48 988 30
49 763 30
49 916 100
50 334 30
50 359 10
50 550 40
50 914 50
50 1469 100
51 125 120
51 593 70
52 101 70
52 1222 70
53 939 90
53 1345 50
54 1288 100
54 1396 110
55 177 30
56 101 110
56 219 60
56 946 90
57 621 110
58 160 10
58 252 150
59 71 40
60 363 130
60 1454 80
61 337 120
61 1486 40
62 1241 30
63 369 80
64 1455 80
65 340 130
65 866 150
65 1013 20
65 1098 50
65 1178 140
66 530 80
67 498 90
68 479 150
68 1139 70
68 1346 10
69 390 60
69 909 50
70 607 110
71 170 150
71 817 60
71 1258 140
72 734 80
72 1320 100
73 1362 120
74 1020 50
74 1143 110
75 428 150
75 1004 60
76 383 150
76 864 70
77 398 90
77 1227 150
78 120 80
78 452 50
78 775 10
78 1399 10
79 784 10
79 1221 140
79 1403 150
80 1430 70
81 1162 140
82 648 40
82 810 140
82 973 140
83 141 90
83 454 130
83 809 100
85 1228 20
86 98 90
86 341 120
87 1160 30
87 1494 20
88 659 150
89 155 90
90 938 110
90 1403 110
91 961 110
91 1061 50
92 471 10
93 440 70
93 793 70
93 1180 60
94 159 50
94 710 130
94 1357 140
95 808 100
96 1136 100
97 554 40
97 601 130
98 741 100
98 1259 70
99 549 110
100 144 150
100 215 120
100 904 150
102 301 120
103 576 70
103 823 150
103 1278 20
103 1436 120
104 1221 10
105 523 20
105 1175 30
105 1427 140
106 125 130
106 256 110
106 385 90
106 488 140
106 890 40
107 781 70
108 642 30
109 419 150
109 751 30
110 477 150
110 1155 130
111 1140 140
111 1240 70
111 1253 80
111 1302 100
112 1080 70
112 1297 80
112 1309 90
113 989 120
114 226 150
114 575 140
114 1371 90
115 479 130
116 138 140
116 1128 30
117 1098 100
118 1273 130
118 1289 40
119 151 10
119 670 80
121 720 80
122 378 10
123 1027 40
123 1423 70
124 730 60
124 917 30
125 1217 120
125 1241 130
126 393 80
126 692 60
126 777 70
126 1216 80
127 541 20
127 678 40
128 1050 140
128 1186 90
128 1218 40
129 1155 60
130 294 90
131 405 140
131 566 130
131 888 60
131 1427 70
132 963 120
132 1362 130
133 1420 140
134 468 150
134 981 90
135 830 110
136 768 20
136 791 70
136 892 60
136 994 40
137 757 140
138 1024 140
139 846 100
139 964 130
139 1363 40
140 769 60
140 805 120
140 1053 20
140 1498 140
141 422 110
142 811 80
143 845 50
144 308 50
144 961 10
144 1165 70
145 714 100
145 1137 120
146 255 70
147 453 20
147 681 70
147 884 150
148 342 150
149 311 10
149 405 20
150 332 130
150 374 20
150 559 130
151 190 20
151 728 80
151 1064 10
151 1177 110
152 206 150
152 599 90
153 1422 120
154 1276 90
155 1487 60
156 338 70
156 448 60
156 851 140
156 1316 40
156 1348 10
157 1493 40
158 311 50
158 1147 60
160 254 90
160 1011 130
161 608 120
161 1119 40
162 650 40
162 1235 60
163 1044 10
163 1463 70
164 187 90
165 570 50
165 648 20
165 873 40
165 1045 30
166 412 80
166 661 30
166 1072 50
167 1374 90
168 774 150
169 409 80
169 448 120
170 287 150
171 879 20
171 1095 30
171 1350 110
172 372 30
172 1358 140
173 222 110
173 749 100
173 1013 50
174 357 10
174 426 90
175 1298 150
175 1351 150
176 495 60
176 685 40
176 765 60
176 1173 80
176 1281 40
177 1174 110
178 1250 150
178 1403 50
179 1480 50
180 901 10
180 1310 10
181 1362 130
182 300 80
182 1313 10
182 1416 10
183 456 80
184 545 20
184 682 140
185 308 80
185 1411 30
186 651 30
187 632 140
187 784 90
187 792 40
188 801 60
189 550 50
189 781 20
190 890 80
191 629 70
191 898 100
191 1456 130
192 1312 110
193 644 140
193 731 90
193 1003 30
194 1402 50
195 1247 20
196 470 50
196 1353 50
197 628 120
197 1147 130
198 675 110
199 361 120
199 1214 20
200 411 60
200 694 30
201 311 50
201 475 10
201 1385 60
202 259 40
202 380 90
202 824 90
203 398 100
203 1060 20
204 1433 110
205 819 150
205 1289 20
206 1322 90
206 1367 90
206 1453 140
207 1029 90
208 666 120
209 336 120
209 1429 30
210 231 110
210 360 30
211 336 110
211 1265 150
212 442 130
212 489 20
212 760 120
213 230 20
213 345 90
213 907 30
214 1310 50
215 690 80
216 581 140
216 945 50
217 457 60
217 807 30
218 1400 60
219 657 140
220 473 100
220 959 140
221 269 120
221 1114 140
223 275 30
223 704 30
224 380 90
224 725 20
225 1386 60
226 832 100
226 1383 120
227 547 110
227 1308 140
228 1046 10
229 276 30
229 708 150
229 927 30
229 1055 10
229 1204 110
231 307 140
231 869 100
232 944 140
233 436 140
233 1273 30
233 1325 20
233 1431 90
234 580 120
235 1061 140
236 568 30
236 892 110
236 1457 100
237 670 100
238 617 80
239 364 70
239 459 10
239 707 70
239 1378 40
240 1476 40
241 921 30
242 591 130
242 737 70
242 1125 40
242 1378 140
243 1206 10
244 687 140
244 1398 20
244 1410 50
245 332 80
245 1374 60
246 937 140
247 486 150
247 1216 90
248 1299 100
249 453 100
249 1156 40
250 345 30
251 557 70
251 564 60
252 482 90
252 1147 110
253 636 60
253 707 20
254 662 140
254 1008 120
255 274 60
255 377 120
255 546 120
256 286 120
256 914 10
257 943 90
257 960 110
257 1086 30
258 616 60
258 1273 60
259 475 70
259 629 60
260 1403 20
261 351 130
261 745 90
261 1256 140
262 1224 70
262 1330 150
263 294 80
264 1096 50
265 780 10
265 887 40
265 1350 20
266 1242 20
267 723 70
268 309 110
269 533 110
269 1387 100
270 1140 140
270 1172 70
270 1248 150
271 290 100
272 805 120
272 1096 40
272 1327 70
273 771 110
273 966 140
273 1118 140
274 380 30
274 397 90
274 941 60
275 672 90
275 814 100
275 1085 150
275 1241 30
276 1057 30
276 1166 140
277 586 150
277 731 20
277 926 140
277 1170 140
277 1368 120
278 710 20
279 489 70
279 621 80
279 1226 10
280 616 50
280 691 140
281 584 120
281 1184 140
281 1325 120
282 459 130
283 476 120
283 507 140
284 310 110
284 923 110
285 289 140
285 320 110
285 645 130
285 1309 140
285 1385 40
285 1464 30
286 592 120
286 1032 90
287 1403 20
288 829 60
288 1147 120
289 310 100
289 1092 130
290 642 50
290 1328 10
290 1459 70
291 551 30
291 847 130
293 732 50
293 883 60
293 888 100
293 1294 150
293 1417 50
294 387 90
294 938 50
294 988 50
295 675 50
295 687 70
295 1086 60
296 510 30
296 526 130
296 1311 100
297 1421 60
298 522 140
298 600 140
299 587 70
299 1415 20
299 1441 30
300 563 60
301 434 120
301 1047 150
302 966 110
303 936 30
303 1130 50
304 309 110
304 797 30
305 427 70
305 744 60
306 1248 80
307 1183 100
307 1326 120
308 441 20
308 689 100
310 490 20
310 572 30
310 603 70
312 792 10
312 1055 10
313 1128 90
314 1071 140
315 509 20
315 1009 60
316 580 20
316 642 50
316 921 50
316 1266 80
317 504 50
317 834 10
318 606 10
318 1201 150
319 400 10
319 544 110
319 954 10
321 672 80
321 838 140
321 1083 120
322 416 20
322 948 50
323 1431 60
324 1128 10
324 1192 150
325 356 130
325 520 20
325 671 120
326 912 100
327 1343 50
328 589 80
328 882 20
328 1004 40
328 1367 20
329 981 130
330 336 140
330 798 60
331 977 60
332 490 10
332 602 60
332 790 130
333 1354 90
334 1481 90
335 808 110
335 1499 70
336 370 50
337 917 100
338 993 110
339 552 150
339 695 90
341 806 40
341 1245 100
342 1050 100
342 1489 20
343 1031 40
343 1268 90
344 941 40
345 844 40
345 877 20
345 894 30
346 590 100
346 867 80
346 1102 40
346 1181 140
347 1013 70
348 560 100
348 663 120
348 1468 70
349 623 50
349 988 100
349 1026 140
350 1379 70
351 842 130
352 1064 20
352 1210 80
352 1466 70
353 402 20
353 810 40
354 875 10
354 1186 90
354 1260 90
354 1328 50
354 1424 50
355 718 110
357 1381 130
358 978 100
359 524 110
359 893 110
359 918 140
359 1028 100
360 405 110
361 927 20
361 1115 40
362 1162 20
363 991 120
363 1394 150
364 866 10
364 1483 40
365 1050 20
365 1205 140
365 1330 90
366 774 110
367 471 80
367 720 140
367 992 140
367 1226 130
368 536 20
368 572 60
369 828 40
369 1216 90
370 524 60
370 1390 110
371 1108 130
372 1066 50
372 1204 140
373 544 10
373 1146 10
373 1192 50
374 459 60
374 751 40
374 1127 60
375 532 90
376 605 60
376 1364 60
377 411 110
378 764 120
378 1236 70
379 682 50
379 952 10
380 965 90
380 1442 90
381 471 150
381 492 30
382 1131 80
383 733 30
384 830 140
385 1433 150
385 1461 70
386 1230 140
387 468 120
387 638 20
387 712 80
387 1041 140
387 1320 80
387 1463 80
388 707 60
388 1055 20
389 964 130
389 1282 100
390 884 110
391 968 10
391 1225 120
392 855 80
392 1411 100
393 436 20
394 495 30
394 994 130
394 1369 110
394 1475 10
395 633 100
395 650 60
396 455 130
396 951 50
396 1086 130
397 654 80
398 420 70
399 540 20
400 658 20
400 1036 80
401 752 150
401 849 70
402 704 20
402 771 70
402 990 60
403 1337 100
404 575 150
404 1204 80
405 1265 120
405 1276 20
406 738 40
406 996 120
406 1201 20
406 1365 130
407 1352 120
408 916 10
408 1315 50
409 546 150
410 746 50
411 711 120
411 843 80
411 878 60
412 910 90
413 573 90
413 801 130
414 772 120
414 1021 140
415 528 20
415 876 150
415 1257 20
416 696 30
416 843 130
416 1185 70
416 1284 80
417 712 120
417 1024 10
417 1475 70
418 609 50
419 995 100
420 953 40
421 1172 150
422 699 110
423 1281 30
424 621 110
424 1061 40
424 1211 60
425 810 20
425 1492 60
426 761 100
426 1434 20
427 618 80
427 711 50
427 1063 40
428 1300 30
428 1373 20
428 1417 40
429 550 120
429 564 150
429 650 110
429 772 80
429 1162 60
429 1309 40
430 507 90
430 755 50
430 1189 60
431 508 100
431 1031 80
433 435 50
433 588 50
433 1416 110
436 476 80
436 637 150
436 1394 60
437 922 20
438 799 50
439 513 90
439 547 10
439 958 120
440 457 70
440 869 20
441 1016 100
442 828 140
442 1158 40
442 1307 110
443 506 140
444 885 80
444 1213 140
444 1476 20
445 734 10
446 1021 120
446 1283 130
446 1358 70
446 1371 140
446 1466 20
447 601 110
447 918 60
448 1275 40
449 722 10
449 1119 10
449 1137 80
450 649 130
450 667 100
451 453 110
451 1033 70
452 467 30
452 1371 30
454 966 70
455 965 130
456 488 60
456 1104 60
457 660 10
458 1285 20
459 541 40
460 554 110
460 662 130
461 646 10
461 867 20
462 739 140
462 1039 120
463 601 80
464 1220 70
465 527 90
466 490 40
466 786 140
466 1052 60
467 733 90
467 894 100
468 1434 90
469 746 10
469 877 90
470 884 20
470 1165 10
471 796 140
471 962 150
472 886 120
472 1263 70
473 712 150
474 558 100
476 1233 40
476 1314 80
477 579 100
477 1172 70
478 1087 20
478 1379 50
480 620 130
480 1041 140
480 1326 30
481 1011 90
481 1150 10
483 1285 150
484 521 40
484 978 140
485 556 150
486 1427 20
487 563 80
487 721 120
487 830 90
487 835 130
487 1311 60
488 610 80
488 1371 100
488 1372 60
490 807 110
490 1379 80
491 529 10
491 595 140
491 956 70
491 1017 90
491 1200 10
492 514 120
492 744 30
492 865 70
492 944 140
492 1277 100
493 1261 90
493 1309 130
493 1347 20
494 503 10
494 662 110
494 685 30
494 1491 110
495 548 20
495 1264 130
495 1497 80
496 1121 50
497 1023 100
498 1014 70
498 1123 50
499 990 60
500 1248 100
500 1342 70
501 870 40
501 1227 150
502 568 50
502 1098 30
502 1199 120
502 1294 60
503 712 60
505 553 80
505 670 80
505 1260 110
505 1316 130
506 776 70
506 1260 30
506 1498 20
507 1039 10
507 1273 140
507 1415 80
508 927 80
509 1190 120
511 1234 110
512 1006 140
513 1376 90
514 1085 120
515 930 60
516 903 110
516 936 150
517 911 40
517 982 30
518 1345 10
519 1287 130
521 580 150
521 965 20
522 1220 130
523 955 70
523 1353 140
524 1187 110
525 594 100
525 1403 20
526 672 40
527 873 90
527 991 100
527 993 10
530 609 100
530 1153 10
531 1458 130
532 1306 70
532 1341 10
533 735 130
533 822 30
533 1207 60
534 692 120
534 1392 140
535 1349 80
536 857 40
537 1233 60
538 849 110
538 892 10
539 1036 20
539 1130 150
539 1131 100
539 1316 40
541 555 80
541 788 100
541 1245 70
541 1360 150
542 601 100
542 1341 60
543 804 20
543 826 130
543 1296 140
544 781 20
544 1172 150
545 1389 80
546 995 20
546 1230 30
546 1297 110
547 651 20
547 769 40
547 1321 140
547 1322 150
549 914 40
549 1058 20
551 677 30
551 926 110
551 1328 50
552 560 140
552 653 120
552 1115 90
552 1340 90
552 1358 130
553 613 70
553 1451 50
554 878 90
554 933 20
555 769 30
555 1251 10
555 1256 130
556 613 120
556 1109 50
556 1386 20
557 1265 40
558 1093 130
559 924 40
560 579 80
560 632 50
561 977 40
562 939 80
563 737 80
564 1218 90
564 1228 50
565 791 130
565 1099 30
567 866 20
569 1031 130
570 714 70
571 1370 40
572 657 140
572 1201 110
572 1496 10
573 815 50
574 712 150
574 1036 50
576 1209 90
577 691 40
578 795 10
578 984 20
579 656 20
579 1243 140
581 605 20
582 736 60
582 1004 70
583 1334 70
584 971 150
584 1254 140
585 1239 130
586 596 10
586 1091 50
587 1348 50
588 1272 20
589 1246 40
591 754 30
591 901 90
591 1327 150
592 1308 10
593 1462 30
596 829 90
596 1335 70
596 1459 20
597 1090 40
597 1265 70
598 685 120
598 1236 130
599 1250 120
600 758 150
601 815 130
601 853 140
603 721 150
603 1009 30
603 1325 90
604 873 80
604 893 60
604 1136 30
604 1260 60
605 1194 120
605 1334 120
606 650 40
607 672 40
608 1197 120
608 1445 100
609 762 60
609 905 150
609 1012 80
610 945 80
610 1324 40
610 1387 120
611 892 90
612 1077 50
612 1118 80
613 642 100
614 901 140
615 728 120
615 740 100
615 766 100
615 1405 20
616 1006 150
616 1174 70
617 883 90
617 1353 20
619 714 140
620 1363 10
621 1115 30
621 1257 100
622 851 120
623 794 80
623 1065 140
623 1095 80
624 976 90
625 904 130
625 982 10
625 1023 150
626 649 110
626 998 20
626 1483 40
627 1154 140
627 1479 60
628 811 40
628 1429 20
628 1453 100
630 664 120
630 1247 70
631 689 20
631 1273 20
632 1361 20
633 863 80
633 1361 100
634 966 10
634 1179 70
635 887 100
635 1384 50
635 1476 50
636 787 20
636 1381 20
637 1068 20
637 1123 10
638 1157 90
639 1182 130
640 1006 10
640 1055 150
641 780 150
641 784 80
641 946 130
642 1121 90
643 926 50
644 1042 100
644 1239 40
644 1286 80
645 810 10
645 958 90
645 1093 30
646 762 100
646 792 150
646 1299 80
646 1341 120
647 953 140
647 994 90
648 1110 130
648 1120 130
649 1051 30
650 1353 120
651 872 140
652 915 140
653 1156 100
653 1215 100
654 912 70
655 1332 130
656 1034 110
656 1074 70
657 741 100
657 1476 80
658 914 110
658 1488 100
659 1160 140
661 1058 110
662 762 150
663 814 20
664 827 30
664 1013 120
665 1052 20
665 1150 130
665 1281 30
666 858 40
666 1045 150
666 1196 130
668 1017 10
668 1171 100
669 1108 140
671 744 90
673 746 140
673 1100 60
674 815 130
675 710 110
675 744 120
675 952 70
675 1013 30
675 1202 100
676 865 60
676 1024 60
676 1214 80
677 945 50
677 1326 110
677 1448 60
678 690 120
678 989 70
678 1452 70
679 989 110
679 1306 50
680 1033 10
681 1280 50
681 1282 110
682 1374 40
683 1102 60
683 1340 90
684 834 110
684 880 70
684 1016 50
686 750 50
687 811 70
688 801 130
689 841 100
689 845 110
689 925 20
691 1062 60
693 875 30
693 1471 80
694 792 60
695 834 10
695 913 100
695 973 110
696 956 120
696 1030 140
696 1476 20
697 891 140
697 911 150
697 1055 100
697 1336 150
697 1447 100
698 1499 80
699 756 30
699 1056 60
699 1069 90
700 828 10
700 1246 20
701 750 40
702 1356 140
703 796 120
703 1359 150
703 1469 20
704 733 10
704 826 70
704 1005 30
705 727 40
705 1068 60
705 1413 80
706 719 20
707 794 60
707 851 70
707 1221 60
707 1407 50
708 1127 40
709 825 130
709 875 80
710 1171 70
711 774 110
711 1039 120
712 786 70
712 870 90
713 875 100
713 968 130
715 1124 40
715 1244 150
716 1233 10
716 1239 20
716 1434 20
717 720 20
717 1049 30
717 1174 50
718 1320 120
719 995 100
719 1118 140
719 1470 70
721 760 120
721 811 20
721 1350 90
723 1125 90
723 1343 30
723 1474 40
724 901 120
724 1425 70
726 938 50
726 1000 70
727 1034 10
727 1108 10
728 833 70
728 936 10
728 1052 120
728 1425 70
729 845 30
730 925 40
730 1405 110
730 1413 140
732 1448 30
733 995 150
733 1009 40
734 1408 110
734 1445 100
735 1074 60
736 880 60
736 982 100
737 839 80
738 928 150
738 942 100
738 1371 10
738 1457 150
739 1164 70
739 1394 100
740 1147 80
740 1288 50
741 885 90
741 1245 120
742 784 50
742 827 150
742 1022 120
742 1047 110
742 1311 90
743 804 150
745 1008 110
745 1366 70
746 938 120
746 1469 130
747 973 10
747 997 120
748 922 120
748 1105 10
748 1402 10
750 1339 100
750 1475 30
751 1029 100
753 844 10
753 1020 50
754 832 110
754 1368 80
755 1056 100
755 1261 100
756 1177 10
757 1018 50
757 1303 60
758 1009 50
759 986 150
759 995 80
759 1441 60
760 1464 130
761 971 110
761 1330 100
761 1331 130
762 764 70
763 855 60
763 1052 20
764 1037 120
765 956 130
765 1087 90
765 1464 110
766 1287 60
766 1483 40
767 1008 40
767 1434 150
768 1317 70
768 1471 120
769 894 70
770 878 20
770 1456 10
771 1445 20
772 858 120
772 1449 80
773 871 120
773 919 40
773 1037 30
774 888 10
774 1470 60
775 1275 70
775 1392 40
776 815 10
777 1223 60
777 1352 40
778 1208 50
778 1292 100
779 924 40
779 1062 120
779 1328 80
780 1116 20
780 1186 30
781 923 120
781 1088 70
782 804 110
782 871 10
782 1438 50
783 862 10
783 1245 120
783 1269 120
783 1277 80
784 1475 90
785 944 70
785 946 100
787 1442 90
788 845 70
788 1215 50
789 895 150
789 1077 60
789 1216 100
789 1253 20
789 1374 40
790 956 130
790 1175 120
790 1303 140
791 1500 110
792 1048 90
792 1194 40
793 921 40
795 1117 20
796 850 140
796 937 120
797 807 50
797 1144 100
798 1176 30
799 1469 110
799 1490 80
800 1067 100
800 1090 30
800 1396 50
801 875 90
801 1191 20
801 1249 140
802 1193 60
803 971 100
803 972 100
804 1149 130
805 1160 10
806 825 120
806 1083 110
807 1093 120
808 1429 50
809 822 60
809 907 140
809 1023 60
810 1012 90
810 1295 60
812 1101 20
812 1385 20
813 1071 100
813 1454 40
814 1074 10
814 1122 120
815 858 130
815 915 100
815 1032 120
816 1085 40
816 1329 130
816 1415 90
816 1418 80
818 1450 150
819 1402 20
820 1169 130
820 1384 130
821 1118 60
822 1333 60
822 1393 140
823 1300 20
824 1053 150
824 1174 140
824 1492 150
825 962 140
825 969 130
825 1367 130
825 1377 30
827 886 80
828 944 150
828 1023 20
828 1175 140
830 1285 150
831 1205 90
832 1187 110
833 1173 100
833 1313 150
833 1389 120
835 1254 130
835 1365 100
836 1001 20
836 1099 70
836 1218 90
836 1261 30
837 848 70
837 1214 70
838 970 30
838 1045 30
839 1050 130
839 1431 110
840 1176 120
840 1264 30
841 1450 20
841 1485 40
842 1020 70
842 1364 80
843 994 130
844 958 140
844 992 30
844 1319 40
844 1400 10
845 1039 40
845 1073 110
845 1174 40
846 871 60
848 887 60
848 1147 50
848 1301 150
849 908 40
849 1237 30
849 1475 100
851 948 140
851 999 60
852 1272 100
853 1438 10
854 1179 100
855 1135 110
855 1349 90
855 1453 150
855 1475 120
856 969 110
858 1058 120
859 1283 120
859 1480 60
860 1404 130
860 1496 20
861 1188 140
862 920 90
862 937 70
863 1298 150
868 1037 50
869 1080 20
869 1130 140
869 1242 90
870 903 80
871 888 150
871 1136 140
871 1434 40
871 1488 40
872 1129 150
872 1363 90
872 1416 150
873 1478 10
874 890 50
874 904 150
874 941 40
874 1033 120
874 1041 120
874 1138 50
874 1339 80
875 1132 40
875 1410 150
876 1063 150
876 1347 90
877 1090 80
878 1061 90
878 1496 150
879 963 120
879 1231 50
880 954 60
880 1486 120
881 1008 130
881 1161 80
882 1258 60
882 1494 10
883 1455 140
884 1340 130
885 1242 40
885 1421 50
886 1094 120
886 1362 100
887 1370 20
888 1081 120
888 1198 150
889 962 140
891 916 100
891 1251 20
892 1045 120
892 1148 80
892 1483 140
893 1281 150
894 905 50
894 1289 50
895 1046 80
895 1082 30
896 946 50
896 1065 120
896 1143 20
896 1293 100
897 1023 130
897 1383 110
898 944 70
899 1074 40
899 1482 10
900 1322 70
901 1015 120
901 1224 20
902 1283 50
903 1232 20
904 917 120
905 1486 90
906 1066 120
907 926 50
908 1417 80
908 1470 110
909 1032 90
909 1125 130
909 1441 70
910 1057 80
910 1110 10
910 1308 50
911 1486 30
912 1128 70
912 1163 90
912 1179 110
912 1219 10
912 1442 80
913 1482 150
914 1112 40
914 1299 100
915 1153 40
915 1188 60
916 931 130
916 1423 120
917 1081 70
918 1031 150
919 1178 110
919 1384 140
919 1452 70
920 926 150
920 1306 80
920 1484 70
921 1262 90
921 1310 30
922 1132 80
923 1155 130
923 1244 100
923 1460 90
923 1498 50
924 1261 110
925 1209 60
925 1442 70
926 1260 80
927 1272 110
928 1205 120
929 976 120
929 1081 80
929 1231 80
930 1268 80
930 1329 40
930 1455 80
931 938 140
931 943 130
931 1174 140
932 1030 80
932 1071 100
932 1479 40
933 967 50
933 1195 30
934 1240 90
934 1402 40
935 1179 100
936 1073 120
937 1145 10
937 1206 20
938 1021 80
938 1177 80
938 1193 110
938 1405 10
939 1351 40
940 1184 110
940 1331 10
940 1455 110
941 952 100
941 1058 100
941 1277 140
942 1119 80
942 1342 130
942 1385 30
943 1352 90
944 1295 120
944 1393 130
945 1476 120
946 974 140
946 1059 80
947 1200 20
948 1134 140
948 1190 130
948 1433 100
949 1297 10
950 1209 110
950 1464 60
951 1017 110
951 1388 120
952 1106 130
952 1146 70
952 1185 30
952 1407 100
953 1311 60
953 1361 10
955 1107 60
956 1222 40
956 1274 110
957 1452 30
958 1272 30
958 1280 140
958 1489 150
959 1228 10
959 1336 10
960 1133 130
960 1190 10
961 1148 40
961 1291 130
961 1403 140
963 1354 150
964 1162 140
964 1241 30
965 1420 120
965 1483 150
967 968 70
967 1324 140
970 999 90
970 1320 50
971 1009 20
971 1247 40
972 1257 140
973 985 120
973 1304 90
974 976 40
974 1290 110
975 1161 30
975 1208 40
975 1241 10
975 1291 120
977 1367 10
977 1445 140
978 991 120
978 1474 70
978 1492 100
979 1416 20
979 1464 140
980 1156 90
980 1274 130
980 1279 30
981 1234 50
982 1109 60
982 1136 20
983 1025 110
983 1029 130
983 1360 140
984 1277 90
984 1405 70
985 1032 80
986 1213 110
986 1436 140
987 1292 140
987 1466 150
988 1116 30
989 1016 50
989 1040 20
989 1071 40
989 1250 60
990 1028 70
990 1224 110
993 1053 50
993 1251 80
993 1484 150
994 1203 110
996 1109 70
997 1015 130
997 1325 70
999 1072 40
999 1207 130
999 1464 20
1000 1079 120
1000 1121 30
1000 1373 10
1001 1399 150
1002 1331 150
1003 1022 20
1003 1039 80
1004 1111 20
1004 1212 70
1006 1106 40
1006 1289 90
1006 1461 70
1007 1028 30
1007 1113 130
1007 1189 60
1007 1430 120
1008 1084 100
1009 1448 50
1009 1485 20
1010 1309 130
1012 1224 70
1013 1148 110
1013 1247 60
1013 1379 140
1014 1039 10
1014 1208 90
1015 1173 100
1016 1251 20
1017 1026 140
1018 1178 10
1018 1422 80
1019 1085 50
1019 1156 130
1019 1445 130
1021 1128 90
1021 1139 120
1022 1256 80
1023 1359 110
1024 1187 130
1026 1323 60
1026 1330 90
1026 1371 140
1027 1278 30
1027 1445 120
1028 1072 90
1028 1096 140
1028 1412 30
1029 1177 70
1030 1448 60
1031 1059 110
1031 1083 150
1031 1329 20
1033 1200 60
1035 1136 30
1036 1349 120
1036 1468 10
1037 1088 90
1037 1209 140
1037 1385 130
1038 1102 20
1039 1231 30
1040 1213 40
1042 1364 60
1042 1393 40
1043 1141 80
1043 1173 30
1043 1287 70
1043 1343 20
1044 1369 60
1046 1075 40
1046 1095 20
1046 1343 80
1047 1140 40
1047 1328 50
1047 1360 90
1048 1329 140
1048 1373 70
1049 1389 80
1049 1395 110
1051 1256 100
1051 1334 100
1052 1124 130
1053 1158 110
1053 1200 20
1053 1349 150
1054 1462 140
1054 1490 150
1055 1199 80
1055 1211 140
1055 1476 20
1055 1478 60
1056 1430 70
1057 1306 110
1058 1304 30
1059 1063 50
1059 1185 70
1059 1345 130
1059 1432 70
1060 1064 90
1060 1435 100
1061 1406 150
1062 1116 60
1062 1305 150
1063 1202 80
1064 1492 130
1065 1078 90
1065 1161 50
1065 1276 150
1065 1463 140
1066 1339 110
1067 1095 60
1067 1109 100
1068 1121 100
1068 1176 70
1069 1390 40
1070 1351 20
1071 1263 50
1072 1335 60
1073 1236 10
1075 1452 100
1076 1275 120
1077 1082 150
1077 1380 80
1078 1091 10
1080 1227 40
1081 1335 130
1081 1495 90
1082 1417 120
1082 1456 70
1084 1179 100
1084 1198 90
1084 1263 10
1084 1420 150
1085 1110 150
1085 1207 100
1086 1327 100
1086 1466 90
1088 1393 100
1089 1099 10
1090 1371 130
1090 1421 20
1093 1137 40
1093 1452 130
1094 1127 100
1096 1233 50
1096 1261 40
1096 1289 30
1097 1152 50
1097 1242 70
1097 1270 90
1098 1205 60
1098 1297 110
1098 1423 110
1098 1435 100
1099 1204 40
1100 1483 10
1101 1363 50
1102 1476 110
1103 1205 140
1103 1252 150
1103 1369 20
1103 1489 140
1104 1271 20
1104 1320 90
1104 1374 90
1105 1248 150
1105 1494 100
1106 1288 110
1107 1136 100
1107 1313 100
1107 1327 140
1108 1188 100
1108 1389 40
1110 1226 20
1110 1365 20
1112 1117 140
1112 1479 20
1113 1127 60
1113 1282 130
1114 1121 130
1115 1242 150
1115 1255 120
1116 1360 40
1117 1200 140
1117 1422 60
1119 1344 110
1119 1490 100
1120 1173 50
1120 1196 60
1120 1253 90
1124 1344 120
1125 1495 130
1126 1291 20
1127 1331 140
1127 1486 30
1128 1186 150
1129 1215 20
1129 1387 130
1132 1169 140
1133 1285 130
1133 1410 20
1134 1418 110
1135 1242 110
1135 1267 80
1138 1240 70
1139 1340 120
1139 1402 150
1140 1226 20
1141 1142 40
1141 1149 120
1141 1215 150
1141 1242 110
1141 1332 150
1142 1182 100
1143 1443 110
1144 1269 120
1144 1434 20
1145 1375 50
1146 1165 70
1149 1258 130
1151 1235 150
1152 1264 90
1152 1318 140
1153 1171 60
1153 1216 70
1154 1315 10
1155 1255 80
1155 1420 140
1156 1250 80
1156 1317 40
1159 1273 110
1159 1488 130
1159 1499 10
1160 1278 60
1160 1336 110
1161 1254 90
1162 1174 140
1163 1171 90
1163 1189 100
1163 1292 110
1163 1333 60
1163 1400 10
1163 1428 140
1163 1460 60
1164 1433 120
1165 1193 100
1165 1468 30
1166 1263 10
1166 1301 80
1167 1179 110
1167 1262 80
1167 1269 50
1167 1357 30
1167 1424 80
1168 1491 120
1169 1210 130
1175 1290 130
1175 1359 150
1176 1218 130
1177 1205 90
1178 1390 30
1178 1410 40
1180 1327 40
1180 1365 70
1181 1189 30
1182 1211 140
1182 1265 30
1182 1347 40
1182 1363 80
1182 1438 30
1183 1474 20
1185 1258 150
1185 1277 90
1185 1431 140
1185 1450 30
1186 1288 130
1186 1457 70
1187 1273 30
1187 1452 100
1188 1197 120
1189 1404 40
1190 1306 30
1191 1415 50
1191 1478 40
1192 1270 100
1192 1331 110
1192 1427 80
1194 1486 120
1195 1218 50
1195 1329 30
1195 1491 20
1196 1216 100
1197 1491 90
1198 1249 10
1199 1200 40
1199 1338 150
1199 1420 40
1200 1267 50
1200 1452 20
1201 1300 40
1202 1277 40
1202 1401 130
1203 1240 50
1204 1234 130
1204 1272 120
1205 1264 140
1205 1438 70
1206 1212 40
1206 1404 90
1206 1498 100
1207 1316 80
1208 1247 120
1208 1411 50
1209 1233 120
1209 1395 10
1211 1374 100
1213 1410 90
1213 1472 60
1214 1393 130
1215 1225 150
1215 1259 150
1215 1350 20
1215 1443 80
1216 1462 130
1218 1445 60
1218 1461 100
1219 1271 150
1219 1392 10
1219 1483 60
1220 1375 70
1222 1319 140
1223 1352 10
1224 1458 10
1226 1250 60
1226 1311 140
1226 1353 30
1226 1471 130
1227 1402 40
1229 1267 30
1229 1414 40
1230 1429 70
1231 1486 150
1232 1275 80
1232 1390 140
1235 1360 70
1235 1421 130
1236 1462 20
1237 1364 10
1238 1337 10
1238 1479 10
1239 1245 110
1241 1266 20
1242 1277 30
1242 1422 90
1244 1257 130
1244 1280 50
1245 1326 40
1245 1360 90
1245 1499 130
1246 1329 140
1246 1394 80
1249 1366 40
1250 1386 20
1250 1435 120
1251 1326 90
1252 1311 60
1254 1419 80
1255 1331 130
1255 1447 120
1255 1456 60
1255 1487 50
1256 1280 110
1256 1362 10
1257 1496 100
1259 1350 130
1259 1399 70
1261 1382 50
1262 1460 80
1262 1484 120
1264 1498 60
1266 1313 20
1267 1328 130
1267 1355 150
1268 1363 40
1270 1474 30
1271 1418 120
1272 1409 40
1274 1425 50
1275 1342 110
1275 1500 60
1278 1343 100
1278 1357 150
1279 1368 20
1279 1471 40
1280 1292 40
1280 1294 40
1280 1333 100
1280 1435 60
1281 1337 140
1282 1295 40
1283 1322 20
1284 1384 140
1285 1407 10
1286 1334 140
1288 1325 80
1289 1291 120
1289 1346 30
1290 1352 30
1290 1394 80
1290 1473 90
1291 1341 100
1291 1343 120
1291 1381 40
1291 1390 130
1291 1454 70
1292 1374 110
1293 1397 150
1294 1482 50
1296 1364 50
1296 1386 20
1301 1485 130
1302 1387 140
1302 1497 60
1303 1363 90
1304 1423 120
1304 1444 90
1304 1482 60
1305 1313 30
1305 1366 150
1305 1429 90
1307 1328 50
1307 1432 90
1307 1483 120
1308 1329 120
1309 1469 20
1310 1435 120
1311 1363 30
1311 1410 100
1312 1329 60
1313 1358 20
1313 1416 120
1313 1480 110
1314 1474 110
1316 1331 140
1316 1419 140
1317 1411 50
1318 1439 50
1319 1375 20
1319 1434 70
1321 1363 20
1321 1427 40
1321 1471 150
1322 1435 110
1323 1481 70
1324 1325 20
1324 1383 100
1325 1399 110
1326 1366 110
1326 1409 110
1327 1335 120
1327 1420 120
1327 1431 150
1330 1412 90
1331 1348 120
1333 1423 130
1334 1375 50
1334 1417 40
1335 1342 150
1335 1381 120
1336 1429 140
1337 1380 30
1338 1454 90
1339 1352 80
1340 1417 20
1341 1500 60
1342 1421 10
1344 1484 120
1345 1403 20
1346 1362 130
1346 1397 60
1347 1356 130
1348 1391 40
1348 1427 120
1351 1497 80
1351 1498 140
1352 1361 80
1353 1366 150
1353 1392 20
1354 1500 130
1355 1368 150
1355 1386 110
1355 1473 110
1356 1415 30
1356 1445 70
1356 1481 70
1357 1369 150
1357 1370 40
1357 1455 30
1359 1393 80
1359 1463 120
1360 1459 90
1361 1369 60
1361 1388 60
1362 1415 90
1363 1370 110
1363 1396 100
1363 1486 80
1367 1403 90
1367 1441 10
1367 1479 10
1368 1382 100
1368 1404 70
1370 1475 40
1371 1394 120
1371 1489 60
1372 1417 130
1372 1475 90
1373 1404 80
1373 1463 80
1376 1384 20
1376 1490 20
1377 1390 30
1378 1468 90
1379 1467 120
1381 1419 90
1381 1434 60
1382 1458 120
1383 1464 120
1384 1405 120
1385 1462 60
1386 1398 50
1386 1400 50
1386 1427 90
1387 1407 50
1387 1412 70
1387 1425 50
1388 1443 40
1389 1408 80
1389 1419 80
1389 1471 140
1391 1433 70
1391 1434 80
1392 1436 80
1392 1440 140
1393 1398 140
1393 1448 30
1396 1450 90
1397 1434 150
1397 1456 70
1398 1401 30
1398 1408 30
1398 1438 50
1399 1489 40
1400 1435 130
1401 1463 80
1401 1486 30
1402 1453 110
1403 1440 10
1404 1413 50
1404 1473 150
1404 1492 10
1405 1439 150
1408 1437 30
1408 1495 100
1409 1448 80
1409 1479 60
1410 1414 20
1410 1492 140
1412 1413 50
1412 1424 30
1414 1423 50
1414 1454 60
1416 1421 80
1416 1453 150
1416 1493 130
1418 1426 120
1419 1472 100
1419 1487 30
1420 1441 110
1420 1468 120
1421 1478 150
1423 1467 110
1424 1494 20
1425 1454 50
1426 1441 120
1430 1434 30
1430 1467 10
1431 1466 20
1432 1474 140
1432 1499 10
1433 1440 20
1434 1456 110
1436 1474 110
1437 1480 150
1437 1499 140
1441 1483 40
1442 1467 150
1444 1459 60
1446 1449 150
1446 1480 110
1447 1465 150
1448 1454 10
1448 1468 70
1448 1473 150
1448 1492 150
1448 1493 120
1449 1462 80
1450 1476 40
1451 1457 100
1451 1468 110
1451 1492 80
1452 1456 10
1452 1465 80
1452 1499 70
1453 1499 90
1454 1464 140
1454 1486 150
1455 1472 20
1455 1480 100
1455 1482 50
1455 1492 90
1456 1466 10
1456 1497 80
1458 1500 110
1460 1472 100
1465 1479 120
1465 1489 50
1466 1471 30
1467 1500 50
1468 1497 50
1469 1472 40
1469 1483 40
1470 1485 130
1472 1483 60
1473 1475 20
1473 1476 30
1473 1481 130
1473 1486 20
1474 1487 100
1477 1496 120
1477 1497 30
1484 1494 120
1486 1488 60
1487 1496 130
1488 1491 40
1489 1492 30
1489 1494 120
1490 1498 150
1491 1493 100
1491 1494 130
1493 1495 10
1493 1498 120
1495 1497 110
1495 1498 90
1495 1499 20
1496 1499 10
1497 1498 60
1498 1500 110
